Date/Time,BATIMENT0000000240880079_PART0_F0_WHOLE IDEAL LOADS AIR SYSTEM:Zone Ideal Loads Zone Total Heating Energy [J](Hourly),BATIMENT0000000240880079_PART0_F1_WHOLE IDEAL LOADS AIR SYSTEM:Zone Ideal Loads Zone Total Heating Energy [J](Hourly),Electricity:Facility [J](Annual),DistrictHeating:Facility [J](Annual),Heating:DistrictHeating [J](Annual),InteriorEquipment:Electricity [J](Annual),Electricity:Building [J](Annual) 
 01/01  01:00:00,627042.0124695783,937150.2028866411 
 01/01  02:00:00,779665.0688440474,1132041.0903573118 
 01/01  03:00:00,869108.3390724628,1239530.9006888964 
 01/01  04:00:00,933077.9305468132,1319052.9430267254 
 01/01  05:00:00,981963.5864800599,1377375.7324459883 
 01/01  06:00:00,1045855.6603680823,1454149.117193078 
 01/01  07:00:00,1082539.08984796,1500526.8152051135 
 01/01  08:00:00,1125316.7671044276,1554976.471832513 
 01/01  09:00:00,1196179.113892199,1641217.715059942 
 01/01  10:00:00,1180993.6350799152,1610820.4794324178 
 01/01  11:00:00,702518.2595610233,1005932.1248782319 
 01/01  12:00:00,78432.08293066637,176410.06846852327 
 01/01  13:00:00,0.0,0.0 
 01/01  14:00:00,0.0,0.0 
 01/01  15:00:00,0.0,0.0 
 01/01  16:00:00,0.0,0.0 
 01/01  17:00:00,0.0,0.0 
 01/01  18:00:00,0.0,66119.18106678057 
 01/01  19:00:00,90443.292265472,309423.87498012173 
 01/01  20:00:00,234486.2461025441,459760.01257581665 
 01/01  21:00:00,324131.8682852463,550894.0345772011 
 01/01  22:00:00,375546.9411396982,612753.6153185553 
 01/01  23:00:00,436147.1506437352,694817.6633959868 
 01/01  24:00:00,482377.6434975676,752370.6587366344 
 01/02  01:00:00,519999.35899068374,786951.5008952927 
 01/02  02:00:00,545186.4337263687,805706.7578769014 
 01/02  03:00:00,597700.9953473527,859512.9158017181 
 01/02  04:00:00,676082.9479337874,943669.5199744644 
 01/02  05:00:00,752731.6218512941,1026785.762195365 
 01/02  06:00:00,814737.0313328706,1097850.286260453 
 01/02  07:00:00,835197.5711306448,1119050.767438388 
 01/02  08:00:00,868900.8460295561,1155725.425043895 
 01/02  09:00:00,922576.8676488631,1217017.334840753 
 01/02  10:00:00,924927.1648689478,1206193.452982918 
 01/02  11:00:00,738347.1740918023,940578.726693694 
 01/02  12:00:00,374762.1842183711,457079.86959453777 
 01/02  13:00:00,113143.05271389603,116259.67040772448 
 01/02  14:00:00,358618.54643665935,408810.2851983866 
 01/02  15:00:00,621041.7776515606,750571.5143052868 
 01/02  16:00:00,847282.8909120575,1049765.7552607693 
 01/02  17:00:00,1012793.7350925663,1280848.0946277638 
 01/02  18:00:00,1335975.396486686,1693946.211183008 
 01/02  19:00:00,1477401.1746410883,1854026.680546985 
 01/02  20:00:00,1541609.3549978512,1929255.0529283674 
 01/02  21:00:00,1585362.7113145096,1982040.2384797842 
 01/02  22:00:00,1671097.4444068563,2079829.1647155045 
 01/02  23:00:00,1768461.9722029713,2192366.8670301563 
 01/02  24:00:00,1885494.6182632712,2335383.601131985 
 01/03  01:00:00,2012827.689098703,2494561.64499245 
 01/03  02:00:00,2125685.3339135507,2684130.2162620053 
 01/03  03:00:00,2224166.628608791,2822421.0811851653 
 01/03  04:00:00,2295817.664692058,2917341.482088931 
 01/03  05:00:00,2345590.584121161,2985527.4239760246 
 01/03  06:00:00,2372840.842156551,3027849.6787505676 
 01/03  07:00:00,2401589.9092057943,3072670.228819757 
 01/03  08:00:00,2425408.8351865523,3108292.7451127823 
 01/03  09:00:00,2448510.1641194574,3138692.7880166434 
 01/03  10:00:00,2428753.675668687,3106806.561166212 
 01/03  11:00:00,2297243.5861723707,2892111.4606764587 
 01/03  12:00:00,2041829.7029651536,2470317.665817155 
 01/03  13:00:00,1735124.61231992,2009697.0068938355 
 01/03  14:00:00,1510111.1570377208,1726102.7159669176 
 01/03  15:00:00,1314530.3011738113,1495022.781470586 
 01/03  16:00:00,985108.4043864933,1178323.045982077 
 01/03  17:00:00,979870.3879840563,1334795.0861472231 
 01/03  18:00:00,1999754.226551044,2662243.812441798 
 01/03  19:00:00,2325448.747250503,3077819.5153193534 
 01/03  20:00:00,2418293.0108258985,3208672.6270429646 
 01/03  21:00:00,2552532.5689888736,3378644.5663795522 
 01/03  22:00:00,2709538.6135965236,3579192.881546165 
 01/03  23:00:00,2776237.623538634,3685444.3878484406 
 01/03  24:00:00,2938599.252990862,3923680.870514311 
 01/04  01:00:00,3139389.25018239,4181443.8154931846 
 01/04  02:00:00,3280932.867504706,4345200.247706044 
 01/04  03:00:00,3354650.4726226227,4376439.8809012165 
 01/04  04:00:00,3387865.8195594978,4371690.597882656 
 01/04  05:00:00,3440338.0750509636,4436967.284673632 
 01/04  06:00:00,3497274.954047234,4502244.8661469035 
 01/04  07:00:00,3554622.655754193,4568006.658854754 
 01/04  08:00:00,3563984.7204599683,4580066.328658619 
 01/04  09:00:00,3562909.0339210145,4572921.538974054 
 01/04  10:00:00,3508706.57044195,4462284.082373082 
 01/04  11:00:00,3169271.396031714,3916545.918160586 
 01/04  12:00:00,2649361.2853333503,3149896.2265477 
 01/04  13:00:00,1979460.5651072736,2214638.2250002567 
 01/04  14:00:00,1591650.6374521947,1711477.2426665132 
 01/04  15:00:00,1363429.2648363858,1452613.2579051277 
 01/04  16:00:00,1074587.7515636487,1180949.475535188 
 01/04  17:00:00,885019.7087159206,1114978.9055170063 
 01/04  18:00:00,1826577.008287034,2347351.4776375294 
 01/04  19:00:00,1998824.880297155,2560930.6212639674 
 01/04  20:00:00,2106534.6944251033,2697691.7073419234 
 01/04  21:00:00,2122060.4336768873,2727164.6158526763 
 01/04  22:00:00,2157484.505450138,2780792.0656448905 
 01/04  23:00:00,2161904.0409109034,2792966.8385336236 
 01/04  24:00:00,2142970.564260463,2771314.0545442924 
 01/05  01:00:00,2214500.652456986,2863907.306836827 
 01/05  02:00:00,2251451.754508442,2918212.4556800304 
 01/05  03:00:00,2246850.7429155856,2919251.7954513524 
 01/05  04:00:00,2268680.7200276935,2951239.6237802193 
 01/05  05:00:00,2274873.018157085,2960937.1613170546 
 01/05  06:00:00,2271739.3073832486,2957506.2392645776 
 01/05  07:00:00,2276881.4557228265,2965191.257819458 
 01/05  08:00:00,2292351.0027855597,2985986.2693063673 
 01/05  09:00:00,2271146.4854202517,2960429.691253162 
 01/05  10:00:00,2210989.334013638,2877300.4193737525 
 01/05  11:00:00,2089229.1206392238,2689887.536546036 
 01/05  12:00:00,1870548.4910789854,2366142.5705677397 
 01/05  13:00:00,1691625.0365222704,2122941.8551456765 
 01/05  14:00:00,1469834.705938011,1800705.8324430552 
 01/05  15:00:00,1323344.7814750187,1621026.3395362874 
 01/05  16:00:00,1276161.823868706,1605791.1608740615 
 01/05  17:00:00,1139744.2134086182,1501123.7743794185 
 01/05  18:00:00,1551047.445209994,2072735.9134321958 
 01/05  19:00:00,1720147.703017993,2285359.5917952503 
 01/05  20:00:00,1818703.275624935,2419842.6528922515 
 01/05  21:00:00,1892513.450520554,2516725.0675705345 
 01/05  22:00:00,1909188.1777216978,2532024.595479361 
 01/05  23:00:00,1903067.7376850129,2512019.3142358805 
 01/05  24:00:00,1889299.4203563745,2468233.5475246753 
 01/06  01:00:00,1885992.2969936023,2446150.467198498 
 01/06  02:00:00,1920124.613542003,2485707.1202177918 
 01/06  03:00:00,1964333.977714054,2539492.6711633457 
 01/06  04:00:00,1994966.2891849708,2595915.7179721626 
 01/06  05:00:00,2002000.230077358,2605769.1782113174 
 01/06  06:00:00,2009082.2171616266,2600904.03845362 
 01/06  07:00:00,2000959.3597759805,2595262.5983047965 
 01/06  08:00:00,2007918.0298978551,2606657.899873074 
 01/06  09:00:00,2003959.813199739,2601982.0066707344 
 01/06  10:00:00,1965702.9683777676,2534103.9025616013 
 01/06  11:00:00,1802272.8461903837,2248547.7660462977 
 01/06  12:00:00,1545942.3295133982,1827731.0386376055 
 01/06  13:00:00,1325175.5265730526,1482228.3652671294 
 01/06  14:00:00,1122611.248896485,1197042.6442552197 
 01/06  15:00:00,1038372.6363887072,1100750.2293532975 
 01/06  16:00:00,1065000.0383732957,1188291.4734399116 
 01/06  17:00:00,1147969.6306566054,1401789.9317213458 
 01/06  18:00:00,1659303.4534578978,2117623.430532269 
 01/06  19:00:00,1841884.110152571,2369950.6227059853 
 01/06  20:00:00,2041980.9530946165,2638340.34063957 
 01/06  21:00:00,2179273.6801269064,2813917.917583297 
 01/06  22:00:00,2302316.8803687696,3007617.215345124 
 01/06  23:00:00,2438616.5373223945,3206864.7782790284 
 01/06  24:00:00,2476628.3626220534,3268236.4688965688 
 01/07  01:00:00,2383278.8518101554,3177555.334658093 
 01/07  02:00:00,2382413.5380058787,3185171.2011458795 
 01/07  03:00:00,2419067.517021487,3235230.0613262863 
 01/07  04:00:00,2413148.8866907163,3222131.7759742537 
 01/07  05:00:00,2426327.0509624085,3220810.7584984475 
 01/07  06:00:00,2452017.0525217275,3241944.200289596 
 01/07  07:00:00,2429333.131241986,3202285.2193598803 
 01/07  08:00:00,2372652.0522308047,3114417.7785448665 
 01/07  09:00:00,2360513.535456579,3077855.865998969 
 01/07  10:00:00,2243834.9320479995,2907266.942150418 
 01/07  11:00:00,1732668.8399572985,2244967.3216480063 
 01/07  12:00:00,1014364.6228786951,1302133.295493987 
 01/07  13:00:00,544858.2987684233,689956.0567605739 
 01/07  14:00:00,96065.31395655329,175075.99327433563 
 01/07  15:00:00,0.0,0.0 
 01/07  16:00:00,0.0,0.0 
 01/07  17:00:00,76670.74190881613,263742.29370068864 
 01/07  18:00:00,938675.9343164334,1315907.383800202 
 01/07  19:00:00,1135850.3956126953,1555914.639323329 
 01/07  20:00:00,1225962.0776340936,1651338.4633277452 
 01/07  21:00:00,1245150.5263380758,1679162.8518291009 
 01/07  22:00:00,1256913.1602978846,1710526.4229767895 
 01/07  23:00:00,1290612.5951567513,1747496.5564589328 
 01/07  24:00:00,1351915.6201694277,1806687.1952263582 
 01/08  01:00:00,1349059.5143113395,1780553.832714732 
 01/08  02:00:00,1342479.6583088473,1760098.3471002046 
 01/08  03:00:00,1356502.2620706952,1773382.4976406782 
 01/08  04:00:00,1371150.9438629393,1787009.5205503246 
 01/08  05:00:00,1401021.8057795078,1818788.7174891513 
 01/08  06:00:00,1464799.290730353,1899911.8438335776 
 01/08  07:00:00,1532656.412173985,1979462.48328274 
 01/08  08:00:00,1558477.5793635796,2003298.886744025 
 01/08  09:00:00,1601987.530547679,2050970.264103178 
 01/08  10:00:00,1651089.705222961,2098475.4955996564 
 01/08  11:00:00,1490137.4165250063,1868092.1703680065 
 01/08  12:00:00,1204173.208323445,1450537.1028647663 
 01/08  13:00:00,1017951.0011962587,1201093.6938791866 
 01/08  14:00:00,851112.7866118158,982641.2182331391 
 01/08  15:00:00,674309.7394847013,739441.5345251947 
 01/08  16:00:00,914832.9743502028,1093267.1659692468 
 01/08  17:00:00,740610.8363871353,965372.0789579544 
 01/08  18:00:00,1202426.0262640854,1550467.4750627594 
 01/08  19:00:00,1269710.1734908437,1636483.582288005 
 01/08  20:00:00,1339344.3886177803,1712638.4293124306 
 01/08  21:00:00,1437016.7393054161,1832061.5782635128 
 01/08  22:00:00,1527546.0955930322,1961287.4300269624 
 01/08  23:00:00,1600530.894840717,2068480.1277128193 
 01/08  24:00:00,1670531.1888057333,2156401.0462412443 
 01/09  01:00:00,1744257.0312536252,2272424.083145524 
 01/09  02:00:00,1851182.1406493809,2453102.105593844 
 01/09  03:00:00,2087739.3018949546,2767749.5720794625 
 01/09  04:00:00,2312362.685428865,3056410.6352375713 
 01/09  05:00:00,2515222.234718686,3348698.105984857 
 01/09  06:00:00,2768624.3819238106,3702403.454054373 
 01/09  07:00:00,2962479.226165508,3962417.4553764244 
 01/09  08:00:00,3035012.46195296,4046303.1663673036 
 01/09  09:00:00,3029511.174312373,3980987.6739985063 
 01/09  10:00:00,2888174.0689600934,3720858.4041567324 
 01/09  11:00:00,2435372.6606757534,3070530.391066676 
 01/09  12:00:00,1754130.9387790833,2141766.4117255276 
 01/09  13:00:00,1223020.5671858895,1400283.6787248866 
 01/09  14:00:00,1129595.1081988162,1286746.1302337537 
 01/09  15:00:00,1283206.5744416257,1515324.0468572513 
 01/09  16:00:00,2340280.372143627,2956347.9848036226 
 01/09  17:00:00,1386079.1910494512,1917101.918824947 
 01/09  18:00:00,2262588.8736490393,2988687.410724259 
 01/09  19:00:00,2435960.1471716175,3217227.022623524 
 01/09  20:00:00,2563447.6007831646,3379537.8189486642 
 01/09  21:00:00,2686607.4012887417,3540039.2118353406 
 01/09  22:00:00,2724413.268723603,3595631.410850957 
 01/09  23:00:00,2732916.578096114,3585283.968486126 
 01/09  24:00:00,2798841.1585915373,3647118.8808852118 
 01/10  01:00:00,2857802.24295233,3704228.1445953664 
 01/10  02:00:00,2904137.9688667455,3751956.3392708423 
 01/10  03:00:00,2933097.9097479573,3783768.0850996897 
 01/10  04:00:00,2994116.973165206,3849657.4229377555 
 01/10  05:00:00,3070116.4606672074,3945202.18636204 
 01/10  06:00:00,3162280.994362867,4085276.4099917207 
 01/10  07:00:00,3326294.9694441133,4313773.508167542 
 01/10  08:00:00,3317055.168423356,4284461.8949843515 
 01/10  09:00:00,3454956.3171116537,4426802.110499182 
 01/10  10:00:00,3544898.386230529,4516543.571830545 
 01/10  11:00:00,2942823.273383699,3652332.345202141 
 01/10  12:00:00,2109324.5791965146,2515860.9428721187 
 01/10  13:00:00,1391626.2618719703,1511038.74799543 
 01/10  14:00:00,880827.5570486193,864511.8270731298 
 01/10  15:00:00,715323.8264983426,722630.2841258105 
 01/10  16:00:00,1040522.5027997346,1259601.638078451 
 01/10  17:00:00,1426222.0395776008,1845778.5595388128 
 01/10  18:00:00,2028597.9800821422,2616425.134458485 
 01/10  19:00:00,2159616.127293002,2768283.974913355 
 01/10  20:00:00,2276368.985189871,2915369.6688938206 
 01/10  21:00:00,2356350.6241191733,3017098.0339484606 
 01/10  22:00:00,2436365.4345251992,3116159.596214725 
 01/10  23:00:00,2506422.364366772,3203546.3233633796 
 01/10  24:00:00,2510714.0506724315,3216787.914018264 
 01/11  01:00:00,2655392.5484286575,3415305.13245685 
 01/11  02:00:00,2784487.9680176843,3575999.9684126303 
 01/11  03:00:00,2857789.4459780026,3653389.6182105127 
 01/11  04:00:00,2855456.7466623103,3656595.3250913536 
 01/11  05:00:00,2829257.298722422,3630548.3019828936 
 01/11  06:00:00,2967915.1848906623,3799761.0201676525 
 01/11  07:00:00,3024706.325216485,3869276.915059809 
 01/11  08:00:00,3034932.2522912635,3880057.0856408505 
 01/11  09:00:00,3084711.9735543523,3952928.95829806 
 01/11  10:00:00,2924185.4965273836,3733914.2835315843 
 01/11  11:00:00,2480296.6669665067,3085862.4933927367 
 01/11  12:00:00,2145097.165730105,2598902.6877598255 
 01/11  13:00:00,2031026.41554034,2441807.225830105 
 01/11  14:00:00,2229410.0804607575,2758165.4516810593 
 01/11  15:00:00,2379684.3160104095,2956808.1017016117 
 01/11  16:00:00,1965010.4891957673,2362677.138179008 
 01/11  17:00:00,1566994.9013535865,1948673.1952727162 
 01/11  18:00:00,2203333.707575791,2826134.7118195556 
 01/11  19:00:00,2443809.0485482537,3206091.2308026194 
 01/11  20:00:00,2697734.267724963,3600628.6419293 
 01/11  21:00:00,2904880.5494727315,3879443.883478721 
 01/11  22:00:00,2979879.9045919767,3978761.281481602 
 01/11  23:00:00,3083696.172631765,4111290.3165881704 
 01/11  24:00:00,3314267.320123206,4343273.715380109 
 01/12  01:00:00,3520505.964318718,4582096.881948456 
 01/12  02:00:00,3566787.5531924106,4689466.924756327 
 01/12  03:00:00,3709656.693355856,4888040.848532645 
 01/12  04:00:00,3820500.516130075,5006005.864359057 
 01/12  05:00:00,3789050.388095095,4901412.185230314 
 01/12  06:00:00,3727155.134429877,4786801.902536628 
 01/12  07:00:00,3775033.846029306,4891254.508903955 
 01/12  08:00:00,3798507.5694176797,4941746.345436853 
 01/12  09:00:00,3665318.6413790737,4721938.1887330655 
 01/12  10:00:00,3447116.1571509866,4393097.96765473 
 01/12  11:00:00,3047685.4656159207,3846600.3206099328 
 01/12  12:00:00,2410460.109257554,2960254.027446768 
 01/12  13:00:00,1906994.2437963744,2274135.515819184 
 01/12  14:00:00,1609974.2997987987,1892145.511273441 
 01/12  15:00:00,1524622.9252185395,1809067.4747606309 
 01/12  16:00:00,1360395.3013736557,1625833.209806151 
 01/12  17:00:00,1202485.1118558908,1539249.7495176448 
 01/12  18:00:00,1893875.9952503766,2430712.758534165 
 01/12  19:00:00,2090770.9968373827,2676984.7262530164 
 01/12  20:00:00,2203793.3741239742,2821115.3046139004 
 01/12  21:00:00,2287191.2879457683,2926820.8658384746 
 01/12  22:00:00,2388032.086092447,3055250.9597547785 
 01/12  23:00:00,2466728.3105236683,3157788.6746278647 
 01/12  24:00:00,2533685.578574455,3238475.514233692 
 01/13  01:00:00,2562823.25151082,3271407.8266879767 
 01/13  02:00:00,2578867.7711217664,3292817.777644086 
 01/13  03:00:00,2577472.3854260924,3292621.6501739398 
 01/13  04:00:00,2545940.7851696657,3254698.6714986507 
 01/13  05:00:00,2511461.141443171,3213234.1004456123 
 01/13  06:00:00,2526834.2381793414,3213703.0231381776 
 01/13  07:00:00,2538512.8227820387,3216725.0611693086 
 01/13  08:00:00,2482850.88602944,3159265.313807346 
 01/13  09:00:00,2419668.47117622,3081316.976028138 
 01/13  10:00:00,2377265.7144142534,3017878.7668657163 
 01/13  11:00:00,2261508.624085096,2839393.879738536 
 01/13  12:00:00,1999708.5930620793,2467027.531601874 
 01/13  13:00:00,1388859.9538390804,1601405.2092917012 
 01/13  14:00:00,680561.4799804259,671850.7961710225 
 01/13  15:00:00,589265.9983814548,589466.4701816925 
 01/13  16:00:00,322837.0248032203,348995.45615017926 
 01/13  17:00:00,220849.9936214059,349649.65484649653 
 01/13  18:00:00,1544222.2343082111,2046260.5375248394 
 01/13  19:00:00,1936769.4894640017,2581456.790288293 
 01/13  20:00:00,2098163.708206809,2731123.360417353 
 01/13  21:00:00,2265484.3221465442,2942956.370301064 
 01/13  22:00:00,2484650.862570743,3267052.4533045646 
 01/13  23:00:00,2617676.6320457193,3448160.6933849584 
 01/13  24:00:00,2670505.5809500604,3511519.3011952015 
 01/14  01:00:00,2715609.247011805,3582675.013530911 
 01/14  02:00:00,2747874.198061081,3623359.137623811 
 01/14  03:00:00,2785969.2794692423,3674640.3804830513 
 01/14  04:00:00,2834234.71867208,3703955.046554185 
 01/14  05:00:00,2927653.931658735,3777473.7592166727 
 01/14  06:00:00,3053820.45116104,3948561.124527786 
 01/14  07:00:00,3166984.0214758795,4089265.532859917 
 01/14  08:00:00,3245034.500016167,4163217.5156151727 
 01/14  09:00:00,3306150.414361228,4222475.2739176685 
 01/14  10:00:00,3263111.0123465653,4127889.037831652 
 01/14  11:00:00,2893387.2668794077,3572785.1747224564 
 01/14  12:00:00,2338744.431476469,2816460.228407572 
 01/14  13:00:00,1651597.8250983392,1924889.0193178079 
 01/14  14:00:00,1174825.9513805073,1327961.0242709818 
 01/14  15:00:00,1003419.4086972319,1156002.4117058222 
 01/14  16:00:00,1035861.3251612464,1269732.5803637053 
 01/14  17:00:00,1200480.4729210164,1547992.0569598982 
 01/14  18:00:00,1610947.9308446085,2064932.1347796936 
 01/14  19:00:00,1706621.060641087,2186661.449788737 
 01/14  20:00:00,1780005.392754761,2279268.549155962 
 01/14  21:00:00,1869731.906008028,2389222.3266435303 
 01/14  22:00:00,1920764.8666035007,2450460.788991149 
 01/14  23:00:00,1946978.2416188885,2481479.766768227 
 01/14  24:00:00,1894956.8971136115,2422414.8139703954 
 01/15  01:00:00,1844137.1187214674,2362455.547964095 
 01/15  02:00:00,1859302.045073317,2379188.2944453633 
 01/15  03:00:00,1882444.3504150202,2404768.785549822 
 01/15  04:00:00,1895695.0566353204,2419393.450133994 
 01/15  05:00:00,1909986.652518136,2435022.1950023025 
 01/15  06:00:00,1957271.131539528,2490702.611410723 
 01/15  07:00:00,2021335.7672749828,2566249.92581017 
 01/15  08:00:00,2042299.4779783196,2590868.360030673 
 01/15  09:00:00,2006262.1727571366,2550811.3407498603 
 01/15  10:00:00,2125151.6145105315,2692307.4631694714 
 01/15  11:00:00,2473934.199378184,3094847.674170157 
 01/15  12:00:00,2673162.8216776713,3330830.120513647 
 01/15  13:00:00,2627142.21292849,3267775.841074873 
 01/15  14:00:00,2362224.8710652203,2889594.0576318153 
 01/15  15:00:00,1911224.626528673,2263997.059702874 
 01/15  16:00:00,1425624.8441639189,1727922.1432539083 
 01/15  17:00:00,1194914.650056126,1648915.8400892233 
 01/15  18:00:00,2547912.1856759107,3396538.8306119204 
 01/15  19:00:00,2861957.106507504,3732427.883890734 
 01/15  20:00:00,3012960.916215929,3867812.1890006987 
 01/15  21:00:00,3145357.585518441,4052901.874954732 
 01/15  22:00:00,3276631.4045783156,4245974.67255804 
 01/15  23:00:00,3413081.8305059923,4426121.575852133 
 01/15  24:00:00,3549389.563769604,4607337.206402192 
 01/16  01:00:00,3653821.213257013,4740982.042941701 
 01/16  02:00:00,3756153.6623426736,4832946.353189535 
 01/16  03:00:00,3807224.8967236746,4859048.785581217 
 01/16  04:00:00,3825305.4001948056,4864896.689161526 
 01/16  05:00:00,3715484.6361698583,4713889.964069975 
 01/16  06:00:00,3515082.2368274336,4458799.67524728 
 01/16  07:00:00,3326431.0524425576,4224844.602537866 
 01/16  08:00:00,3189014.6101467377,4047025.0244106394 
 01/16  09:00:00,3147845.8136508064,3984106.105062913 
 01/16  10:00:00,3179586.0575617584,4015683.585127551 
 01/16  11:00:00,3008711.6036815876,3781271.1373177003 
 01/16  12:00:00,2454899.961390998,3065999.512094339 
 01/16  13:00:00,1952925.1976978318,2411677.974144804 
 01/16  14:00:00,1598834.2623172726,1939902.7367152788 
 01/16  15:00:00,1396658.6902562391,1677101.8082826466 
 01/16  16:00:00,1276619.757856507,1620720.3377768942 
 01/16  17:00:00,1099160.1807293855,1600983.0892685961 
 01/16  18:00:00,2156927.9283387056,2859713.1515993304 
 01/16  19:00:00,2437428.3839265774,3222548.6640593344 
 01/16  20:00:00,2740329.4198595644,3605301.818964255 
 01/16  21:00:00,2979447.74938756,3915797.1218788475 
 01/16  22:00:00,3107738.431836593,4078469.078402683 
 01/16  23:00:00,3250273.9247273663,4237822.729778461 
 01/16  24:00:00,3472729.3789142324,4518618.84918458 
 01/17  01:00:00,3663034.4284110023,4770952.437689155 
 01/17  02:00:00,3733266.829024058,4818641.193675455 
 01/17  03:00:00,3745107.617337811,4789838.419553248 
 01/17  04:00:00,3733681.414421996,4782236.246460575 
 01/17  05:00:00,3655857.402820646,4692719.747818995 
 01/17  06:00:00,3561297.469597044,4571067.400699806 
 01/17  07:00:00,3494095.302703976,4485194.254370893 
 01/17  08:00:00,3454451.6112941224,4427655.927683334 
 01/17  09:00:00,3531597.2495254613,4507241.994917472 
 01/17  10:00:00,3603190.0940147033,4576444.616099155 
 01/17  11:00:00,3462863.664722967,4340929.300902401 
 01/17  12:00:00,3072505.51152917,3824312.1998921 
 01/17  13:00:00,2515425.7690777844,3111902.369242812 
 01/17  14:00:00,1926147.2920266802,2370075.093582508 
 01/17  15:00:00,1634169.670414296,2018970.6433443804 
 01/17  16:00:00,995060.3942981849,1305670.8272574265 
 01/17  17:00:00,1032203.3294454262,1437537.2909051278 
 01/17  18:00:00,2412151.060795433,3109987.386336462 
 01/17  19:00:00,2759781.2651495202,3549814.9546700176 
 01/17  20:00:00,2873031.5769313253,3690468.496760871 
 01/17  21:00:00,2939641.167490991,3797735.819344366 
 01/17  22:00:00,3062473.541507775,3970299.4840583187 
 01/17  23:00:00,3270685.436299341,4213099.69815102 
 01/17  24:00:00,3429843.2479219027,4394583.381193323 
 01/18  01:00:00,3491763.953007687,4466515.158532346 
 01/18  02:00:00,3559714.8691512146,4564844.844164316 
 01/18  03:00:00,3628085.4126467556,4652778.890995088 
 01/18  04:00:00,3625162.951962201,4664645.128710617 
 01/18  05:00:00,3626390.7059280854,4696777.974455622 
 01/18  06:00:00,3671175.0231809914,4768636.972599973 
 01/18  07:00:00,3722962.807560257,4845650.219032938 
 01/18  08:00:00,3768752.905230966,4905124.455363934 
 01/18  09:00:00,3833192.5496079163,4970345.352060957 
 01/18  10:00:00,3791641.2773539796,4855089.713740823 
 01/18  11:00:00,3678208.765465879,4639034.424877219 
 01/18  12:00:00,3767846.718055694,4710602.055180221 
 01/18  13:00:00,3880274.4385894896,4843690.801824753 
 01/18  14:00:00,3939981.859460066,4909167.697444479 
 01/18  15:00:00,3817091.1290144804,4734673.038855414 
 01/18  16:00:00,3593579.4810714545,4439455.066294745 
 01/18  17:00:00,3545172.701352143,4461624.206916452 
 01/18  18:00:00,3905359.7486588946,4927210.862590591 
 01/18  19:00:00,4078166.602742186,5172008.425740462 
 01/18  20:00:00,4255784.0524106,5419255.548898609 
 01/18  21:00:00,4496094.71356402,5748988.657244278 
 01/18  22:00:00,4670228.018753847,5997346.527551139 
 01/18  23:00:00,4707711.321103255,6083576.46032277 
 01/18  24:00:00,4615242.11783937,5968605.271107621 
 01/19  01:00:00,4534031.785481544,5855832.333391149 
 01/19  02:00:00,4688884.693746711,6063991.4144488815 
 01/19  03:00:00,4811627.578126198,6233212.809733604 
 01/19  04:00:00,4794393.008982158,6238231.3144328855 
 01/19  05:00:00,4866712.356558217,6384468.645726172 
 01/19  06:00:00,5013225.689958673,6589372.343807787 
 01/19  07:00:00,5128013.903675338,6710392.548262971 
 01/19  08:00:00,5070979.521069068,6615915.383906871 
 01/19  09:00:00,4963960.792317436,6434970.451995829 
 01/19  10:00:00,4751495.151984499,6075731.9839889 
 01/19  11:00:00,4326815.230157996,5377887.886977296 
 01/19  12:00:00,3820988.230512497,4613964.821386312 
 01/19  13:00:00,3399262.3004495106,4052094.831589118 
 01/19  14:00:00,2794399.1723268293,3240222.50023768 
 01/19  15:00:00,2602538.3601444904,3020486.358828958 
 01/19  16:00:00,2371858.3180501927,2828823.5890372884 
 01/19  17:00:00,2306526.9448668663,2959986.3265756834 
 01/19  18:00:00,3535230.8929146053,4529072.301477032 
 01/19  19:00:00,3853139.874739526,4909545.619006872 
 01/19  20:00:00,4178048.3209780124,5357755.533053683 
 01/19  21:00:00,4357585.509048187,5652274.214883743 
 01/19  22:00:00,4501820.341152487,5838946.523368189 
 01/19  23:00:00,4846004.5517887175,6275005.4457380595 
 01/19  24:00:00,4963076.843016254,6436308.977676043 
 01/20  01:00:00,4923694.346821962,6370214.265834474 
 01/20  02:00:00,4978867.474742927,6411283.770719433 
 01/20  03:00:00,4987617.008770206,6407406.907024946 
 01/20  04:00:00,4944160.825926159,6338206.756246405 
 01/20  05:00:00,4845247.106925283,6181316.826387108 
 01/20  06:00:00,4759637.435503794,6059979.7797701685 
 01/20  07:00:00,4788036.254531944,6098719.408751192 
 01/20  08:00:00,4882613.97382187,6238859.794804911 
 01/20  09:00:00,4947812.288971642,6346873.0902190665 
 01/20  10:00:00,4693616.8296240065,5996339.609129087 
 01/20  11:00:00,3877468.13021213,4877935.4902606495 
 01/20  12:00:00,3169477.301538453,3897745.744074426 
 01/20  13:00:00,2537495.910036143,3029718.2139777355 
 01/20  14:00:00,2475642.1820909223,2962978.882876678 
 01/20  15:00:00,2261056.965942422,2745098.049729522 
 01/20  16:00:00,2279489.9193179794,2888089.879828897 
 01/20  17:00:00,2410420.656839431,3209029.7593485327 
 01/20  18:00:00,3590319.75394023,4622977.726170929 
 01/20  19:00:00,3958944.9172228966,5103143.405825919 
 01/20  20:00:00,4189365.5247717523,5409348.592746242 
 01/20  21:00:00,4395884.262642425,5678149.623879241 
 01/20  22:00:00,4465886.060785502,5773702.115319249 
 01/20  23:00:00,4412575.408517526,5714502.410362574 
 01/20  24:00:00,4427872.501110117,5727483.656687798 
 01/21  01:00:00,4539163.94782542,5847207.853726817 
 01/21  02:00:00,4481567.340607635,5781855.475212308 
 01/21  03:00:00,4387747.305773184,5680189.739489304 
 01/21  04:00:00,4437062.424380533,5748924.611831518 
 01/21  05:00:00,4472354.513112307,5797652.541808717 
 01/21  06:00:00,4430331.683261924,5728497.409346309 
 01/21  07:00:00,4365735.019697866,5609209.80389837 
 01/21  08:00:00,4347570.107363295,5559647.654702704 
 01/21  09:00:00,4360362.701517008,5568788.10825875 
 01/21  10:00:00,4274075.009916083,5437355.041398786 
 01/21  11:00:00,3853866.9998279447,4836003.277572366 
 01/21  12:00:00,3056659.0573152867,3758564.087922854 
 01/21  13:00:00,2388836.9159906735,2855059.122686135 
 01/21  14:00:00,2021193.907834118,2381973.6903019985 
 01/21  15:00:00,1952184.068114859,2327547.085618224 
 01/21  16:00:00,1869497.7347941117,2373338.379807835 
 01/21  17:00:00,1965569.2749230235,2652984.408123631 
 01/21  18:00:00,2981203.9236437758,3889018.2774835704 
 01/21  19:00:00,3471627.1494527548,4442829.668841685 
 01/21  20:00:00,3657247.975203065,4669823.054532293 
 01/21  21:00:00,3842999.9700119295,4898323.839659557 
 01/21  22:00:00,4007018.8105260255,5097413.842309382 
 01/21  23:00:00,4136487.819015797,5252044.083451147 
 01/21  24:00:00,4219596.399405732,5350972.1767584495 
 01/22  01:00:00,4278817.664026932,5421636.559847826 
 01/22  02:00:00,4343087.495696394,5498052.97510227 
 01/22  03:00:00,4416474.745862273,5588453.478659185 
 01/22  04:00:00,4460200.644286116,5641650.862352747 
 01/22  05:00:00,4490897.079232935,5676018.335483053 
 01/22  06:00:00,4515015.200599408,5702388.644002413 
 01/22  07:00:00,4526248.148889782,5712281.861859341 
 01/22  08:00:00,4525636.648526742,5702061.671932382 
 01/22  09:00:00,4514237.105224553,5683893.063433241 
 01/22  10:00:00,4461057.68673227,5611298.861430941 
 01/22  11:00:00,4264929.282394237,5324627.2138211625 
 01/22  12:00:00,3862157.1916795424,4771083.908085406 
 01/22  13:00:00,3554295.043993406,4347124.203756308 
 01/22  14:00:00,3413858.9401162216,4166083.989743241 
 01/22  15:00:00,3535618.73229005,4336947.9898218885 
 01/22  16:00:00,3196450.915101891,3965420.497106384 
 01/22  17:00:00,2966981.465412015,3830009.1047175135 
 01/22  18:00:00,3594578.979630364,4618211.17752078 
 01/22  19:00:00,3982087.2501196526,5049685.409033722 
 01/22  20:00:00,4062931.237078218,5161949.573272604 
 01/22  21:00:00,4139972.266684956,5257463.664795531 
 01/22  22:00:00,4182638.9703709497,5317818.161831607 
 01/22  23:00:00,4205380.054919553,5354042.499169545 
 01/22  24:00:00,4238799.591432462,5388840.585340616 
 01/23  01:00:00,4266305.264618823,5400934.388192843 
 01/23  02:00:00,4290176.198259817,5407713.341991913 
 01/23  03:00:00,4295574.226810885,5407442.057968863 
 01/23  04:00:00,4318203.2461787695,5440603.1986577315 
 01/23  05:00:00,4365562.89198182,5514705.990692473 
 01/23  06:00:00,4394606.943151773,5562894.125791492 
 01/23  07:00:00,4387462.47382694,5560604.035579987 
 01/23  08:00:00,4374518.484862811,5543476.735708252 
 01/23  09:00:00,4347599.017759906,5501066.183440138 
 01/23  10:00:00,4242955.248339182,5349906.760693889 
 01/23  11:00:00,3948749.058096962,4933406.309396565 
 01/23  12:00:00,3381808.5758763077,4157997.745750629 
 01/23  13:00:00,3215297.6676717526,3896844.7979741213 
 01/23  14:00:00,3057984.0884495093,3681260.5051216464 
 01/23  15:00:00,3309565.429201304,4040862.2828506795 
 01/23  16:00:00,3195780.875491853,3927598.2503606286 
 01/23  17:00:00,3054587.7127661635,3850270.674851034 
 01/23  18:00:00,3419011.3154838206,4342551.934838664 
 01/23  19:00:00,3707441.207502364,4674224.179987066 
 01/23  20:00:00,3780303.3798018126,4766441.696396005 
 01/23  21:00:00,3844533.32126585,4850209.427328818 
 01/23  22:00:00,3900347.333394618,4924196.26283987 
 01/23  23:00:00,4035348.8578121685,5093248.5016445285 
 01/23  24:00:00,4119640.631253231,5210808.482122569 
 01/24  01:00:00,4113970.7779434095,5234530.935342375 
 01/24  02:00:00,4132003.985364101,5247275.992653804 
 01/24  03:00:00,4238938.5791080855,5355741.188461361 
 01/24  04:00:00,4353730.295120455,5498598.777325063 
 01/24  05:00:00,4445747.863625094,5668052.787244927 
 01/24  06:00:00,4657639.534610069,6002153.477014475 
 01/24  07:00:00,4801384.016215259,6216791.235916841 
 01/24  08:00:00,4783052.779952581,6216285.86291118 
 01/24  09:00:00,4705323.898832126,6117830.736586235 
 01/24  10:00:00,4433967.882147321,5689162.985170516 
 01/24  11:00:00,3543692.2953358614,4347992.850316531 
 01/24  12:00:00,2530348.7719136765,2839797.1918518357 
 01/24  13:00:00,1903826.5122486914,1936815.2556134744 
 01/24  14:00:00,1564514.894282158,1508397.6354905362 
 01/24  15:00:00,1518201.5758312861,1482836.557488919 
 01/24  16:00:00,1386028.1025278077,1480589.4423121691 
 01/24  17:00:00,1446771.194465041,1776349.8553483647 
 01/24  18:00:00,2590776.809025487,3280771.832246664 
 01/24  19:00:00,3413463.547811171,4357599.375202699 
 01/24  20:00:00,3792417.9870094974,4856792.138086911 
 01/24  21:00:00,4021845.6975973058,5150914.094889313 
 01/24  22:00:00,4080522.2880257512,5192525.414133152 
 01/24  23:00:00,4071277.4847915745,5154415.9168204665 
 01/24  24:00:00,4133566.2758331904,5260910.376854941 
 01/25  01:00:00,4164494.999268553,5349636.196112138 
 01/25  02:00:00,4178276.9907485824,5379941.550110722 
 01/25  03:00:00,4168195.48819154,5357602.721680704 
 01/25  04:00:00,4147614.442176147,5340232.687121436 
 01/25  05:00:00,4201789.897065477,5429643.30540394 
 01/25  06:00:00,4255786.275522303,5515328.5126925185 
 01/25  07:00:00,4263563.720263392,5516595.613760137 
 01/25  08:00:00,4265278.661403872,5501243.623857777 
 01/25  09:00:00,4225597.664431467,5416139.348923223 
 01/25  10:00:00,4031253.185247814,5088878.82854591 
 01/25  11:00:00,3636850.5224870658,4480434.90355367 
 01/25  12:00:00,3165058.985414702,3781795.178337834 
 01/25  13:00:00,2839624.5225706473,3300053.8957193675 
 01/25  14:00:00,2552240.7538818787,2880440.7669850085 
 01/25  15:00:00,2404110.3925597137,2687256.4067966184 
 01/25  16:00:00,2360793.4701256426,2749021.8521052417 
 01/25  17:00:00,2308062.038385229,2877206.8405946144 
 01/25  18:00:00,2955895.682503046,3777189.0593002923 
 01/25  19:00:00,3418348.9314269386,4327735.5277588805 
 01/25  20:00:00,3533272.5168152694,4502590.219930591 
 01/25  21:00:00,3612599.6192552596,4620850.104438614 
 01/25  22:00:00,3700607.2293538945,4727208.726144497 
 01/25  23:00:00,3785045.588261856,4823369.49064559 
 01/25  24:00:00,3767821.6378120254,4800476.527766121 
 01/26  01:00:00,3779778.810094386,4813960.713620266 
 01/26  02:00:00,3839337.154825321,4890095.387347497 
 01/26  03:00:00,3890172.069827764,4956079.920298004 
 01/26  04:00:00,3932152.910259828,4993863.0087910555 
 01/26  05:00:00,3972225.376458277,5028041.39754331 
 01/26  06:00:00,4013530.881116364,5075466.166974334 
 01/26  07:00:00,4048476.5553184818,5129473.655958463 
 01/26  08:00:00,4106103.614008241,5207772.706177595 
 01/26  09:00:00,4126527.241521057,5228139.24897543 
 01/26  10:00:00,4073311.9840560392,5138019.328431337 
 01/26  11:00:00,3917495.2247704444,4884767.981793982 
 01/26  12:00:00,3634811.741312713,4455942.397558354 
 01/26  13:00:00,3638333.6659618714,4456061.245864969 
 01/26  14:00:00,3507688.9728413005,4262292.953651242 
 01/26  15:00:00,3481194.542260437,4231211.857332039 
 01/26  16:00:00,3336457.300215859,4074993.968371818 
 01/26  17:00:00,3306700.7905339287,4132846.465419323 
 01/26  18:00:00,3577765.5698233326,4543923.093005983 
 01/26  19:00:00,3930188.4657454127,4949449.976664081 
 01/26  20:00:00,4000814.792603722,5037601.719939231 
 01/26  21:00:00,4089910.9072853485,5155037.386428482 
 01/26  22:00:00,4173735.8134200657,5265104.07782976 
 01/26  23:00:00,4268451.1888908865,5386418.22794832 
 01/26  24:00:00,4328895.35455144,5456023.936869611 
 01/27  01:00:00,4367576.682025215,5499209.533914045 
 01/27  02:00:00,4446049.185897593,5601310.58624531 
 01/27  03:00:00,4521536.017745976,5700388.800252231 
 01/27  04:00:00,4546530.00623766,5730987.531955688 
 01/27  05:00:00,4572554.427836087,5759365.544557607 
 01/27  06:00:00,4600923.798342419,5795007.025315313 
 01/27  07:00:00,4620140.9168925965,5818838.507001555 
 01/27  08:00:00,4660590.389654506,5877084.911758593 
 01/27  09:00:00,4693339.405308133,5933178.760057646 
 01/27  10:00:00,4573996.061846731,5774384.049892101 
 01/27  11:00:00,4126597.9262878397,5147377.795090174 
 01/27  12:00:00,3634028.61760536,4444445.222336179 
 01/27  13:00:00,3028363.7780653285,3593918.5780738 
 01/27  14:00:00,2737666.5111766723,3198833.6903896537 
 01/27  15:00:00,2724718.7137506055,3195240.6835730462 
 01/27  16:00:00,2838852.8424323685,3438388.829362971 
 01/27  17:00:00,2748558.9165346897,3480656.0254910733 
 01/27  18:00:00,3214636.8374547195,4142444.4781400133 
 01/27  19:00:00,3766002.881395679,4778395.615152803 
 01/27  20:00:00,3867725.131275103,4911834.841594815 
 01/27  21:00:00,3961782.6149621257,5033233.201340776 
 01/27  22:00:00,4031921.6371624004,5129933.387997936 
 01/27  23:00:00,4106913.596866292,5228720.800757337 
 01/27  24:00:00,4166156.8822662346,5291658.4448516825 
 01/28  01:00:00,4253776.599738334,5409228.254309552 
 01/28  02:00:00,4352294.692096589,5549197.183108644 
 01/28  03:00:00,4399662.945361515,5614407.75799162 
 01/28  04:00:00,4457629.507361177,5699050.02563395 
 01/28  05:00:00,4516798.3620666545,5773872.055298372 
 01/28  06:00:00,4532059.069506526,5787769.5218504965 
 01/28  07:00:00,4557304.991641067,5815034.854920501 
 01/28  08:00:00,4586754.81275524,5848800.184716737 
 01/28  09:00:00,4579817.507716933,5830459.296107446 
 01/28  10:00:00,4451778.115683187,5631655.337749269 
 01/28  11:00:00,3997522.319399757,5001507.600511938 
 01/28  12:00:00,3419037.6113880365,4221891.040086752 
 01/28  13:00:00,2953747.8327123155,3565336.0987930414 
 01/28  14:00:00,2870731.0174154164,3425583.5377591 
 01/28  15:00:00,2897877.4905090947,3480178.8612047853 
 01/28  16:00:00,3029570.2035041237,3704291.9752307124 
 01/28  17:00:00,2793468.926021739,3541304.974167024 
 01/28  18:00:00,3107848.525768329,4016070.901995451 
 01/28  19:00:00,3558802.312917897,4531892.6362848785 
 01/28  20:00:00,3637878.068304416,4639317.692744724 
 01/28  21:00:00,3732706.360033492,4773998.016685128 
 01/28  22:00:00,3824041.9052231438,4904996.877488293 
 01/28  23:00:00,3958805.4446486174,5089131.915876137 
 01/28  24:00:00,4095727.115102588,5265952.164234847 
 01/29  01:00:00,4216842.158978434,5427570.489683632 
 01/29  02:00:00,4305923.248915892,5553345.903848561 
 01/29  03:00:00,4352334.195073527,5613098.356360827 
 01/29  04:00:00,4434217.7843166115,5709680.441935842 
 01/29  05:00:00,4506010.344978869,5800359.849458513 
 01/29  06:00:00,4544764.392895473,5853405.817891593 
 01/29  07:00:00,4595011.426684378,5920841.723848723 
 01/29  08:00:00,4616575.765015995,5953339.541884046 
 01/29  09:00:00,4576171.63434576,5898068.233006846 
 01/29  10:00:00,4333342.495979402,5536631.0842796955 
 01/29  11:00:00,3482943.9550761743,4304848.917315912 
 01/29  12:00:00,2571058.8085750486,2951194.098822446 
 01/29  13:00:00,2145254.7643162142,2318687.2179088243 
 01/29  14:00:00,1930953.5193712676,2025950.1789366654 
 01/29  15:00:00,1813820.1921488107,1874559.8230783502 
 01/29  16:00:00,1633360.60767592,1785205.9598169231 
 01/29  17:00:00,1526284.0949863903,1880020.7277018868 
 01/29  18:00:00,2494141.931918392,3191015.868095518 
 01/29  19:00:00,3506252.52664705,4438322.511674505 
 01/29  20:00:00,3857041.8437958276,4879000.618560331 
 01/29  21:00:00,4038806.6827464867,5113210.8871669015 
 01/29  22:00:00,4201851.268508143,5337147.46484014 
 01/29  23:00:00,4397448.537460185,5641154.4579082485 
 01/29  24:00:00,4583098.022151291,5907018.692167735 
 01/30  01:00:00,4689261.542733319,6049299.367593085 
 01/30  02:00:00,4742560.2078313045,6124376.543046888 
 01/30  03:00:00,4826268.872121346,6233396.361105615 
 01/30  04:00:00,5007876.544251595,6462442.7355122445 
 01/30  05:00:00,5138923.047093626,6618837.135376673 
 01/30  06:00:00,5071753.512086011,6499478.170709798 
 01/30  07:00:00,5056601.527372063,6464374.679986974 
 01/30  08:00:00,5058809.566391643,6511220.989143716 
 01/30  09:00:00,5213355.310544373,6719123.879509991 
 01/30  10:00:00,4949459.252685832,6300236.249604309 
 01/30  11:00:00,3835823.7625374617,4740931.846470983 
 01/30  12:00:00,3122937.2520583207,3736088.722183198 
 01/30  13:00:00,2708176.229123087,3169136.6360730506 
 01/30  14:00:00,2584093.6376958024,2988855.6483637495 
 01/30  15:00:00,2457951.762554205,2831163.51724485 
 01/30  16:00:00,2652131.046095875,3177318.372631861 
 01/30  17:00:00,2549642.9605814563,3165673.185250015 
 01/30  18:00:00,2944418.7842808026,3761470.40695337 
 01/30  19:00:00,3508077.731706527,4445887.25488919 
 01/30  20:00:00,3681171.777420111,4652259.475312424 
 01/30  21:00:00,3735239.566202091,4717168.706996658 
 01/30  22:00:00,3717033.937226173,4696664.8980073165 
 01/30  23:00:00,3704316.314301177,4679117.740834002 
 01/30  24:00:00,3742171.772276749,4730514.349073075 
 01/31  01:00:00,3791573.929672727,4793966.97278484 
 01/31  02:00:00,3805214.0123504326,4810547.661189942 
 01/31  03:00:00,3774064.80972518,4767656.944497041 
 01/31  04:00:00,3776541.3923482355,4763119.044287322 
 01/31  05:00:00,3780817.730773587,4768593.3507726 
 01/31  06:00:00,3768523.1807178315,4754508.050101275 
 01/31  07:00:00,3777599.858920804,4779601.912910084 
 01/31  08:00:00,3786446.064408106,4801869.87183068 
 01/31  09:00:00,3807800.831881893,4826747.8854504395 
 01/31  10:00:00,3730011.495645846,4701784.626664118 
 01/31  11:00:00,3380996.2532726848,4182233.2636646396 
 01/31  12:00:00,2680344.7325344533,3193379.5149910385 
 01/31  13:00:00,2065115.1333542527,2352006.9187842356 
 01/31  14:00:00,1729711.3704629913,1917289.7136900087 
 01/31  15:00:00,1319689.3887606165,1411149.1610089543 
 01/31  16:00:00,1109611.6509107342,1282952.4226533552 
 01/31  17:00:00,922779.8756291594,1253481.4427109538 
 01/31  18:00:00,1748521.8882560367,2340562.2129516397 
 01/31  19:00:00,2574935.9867555946,3333712.7170893303 
 01/31  20:00:00,2817969.568693739,3620004.6385280965 
 01/31  21:00:00,3009415.2550641904,3847325.3042208217 
 01/31  22:00:00,3109005.573323277,3974183.1139216474 
 01/31  23:00:00,3103490.466132051,3972843.1868064804 
 01/31  24:00:00,3105660.4659021585,3975966.325047693 
 02/01  01:00:00,3205630.3503857804,4119670.909734583 
 02/01  02:00:00,3300497.417313955,4265534.62361257 
 02/01  03:00:00,3398668.4703985574,4394877.815789634 
 02/01  04:00:00,3513417.654893863,4555501.504358148 
 02/01  05:00:00,3608058.5433342094,4691448.957375802 
 02/01  06:00:00,3751432.4807294114,4878002.20792065 
 02/01  07:00:00,3849861.769586946,5014898.64172317 
 02/01  08:00:00,3864868.310259399,5041777.161201949 
 02/01  09:00:00,3831164.942923442,4990468.957764311 
 02/01  10:00:00,3570929.260417596,4606491.84263492 
 02/01  11:00:00,3096657.8214418455,3845097.715849773 
 02/01  12:00:00,2689668.8039695118,3237384.600486257 
 02/01  13:00:00,2258225.123548372,2637862.0563710416 
 02/01  14:00:00,1503491.817548431,1590611.6768408641 
 02/01  15:00:00,1221389.684053761,1269812.6034304204 
 02/01  16:00:00,1250758.5799899972,1385316.7289555154 
 02/01  17:00:00,1258931.6028855012,1546441.3001070027 
 02/01  18:00:00,1675839.3809124653,2214047.710225243 
 02/01  19:00:00,2425440.0115874493,3119565.2580241514 
 02/01  20:00:00,2601838.4138321644,3362280.9195200824 
 02/01  21:00:00,2738351.381992681,3546556.5128323263 
 02/01  22:00:00,2914757.068018142,3766040.790816997 
 02/01  23:00:00,3006632.3136059386,3886793.691942933 
 02/01  24:00:00,3004286.197115357,3879816.877048581 
 02/02  01:00:00,3062073.4799160063,3949832.938600108 
 02/02  02:00:00,3150344.751709359,4072388.2396610416 
 02/02  03:00:00,3217468.191401805,4156725.6108463076 
 02/02  04:00:00,3280486.333569208,4232460.331512219 
 02/02  05:00:00,3317085.7551974896,4280730.230238739 
 02/02  06:00:00,3392618.519860911,4373361.14352201 
 02/02  07:00:00,3501530.1329397378,4506974.169192728 
 02/02  08:00:00,3556416.158640497,4589194.881719906 
 02/02  09:00:00,3519531.4924612753,4545406.983668141 
 02/02  10:00:00,3263474.132934925,4169470.4480068544 
 02/02  11:00:00,2562582.118665269,3162376.8268958796 
 02/02  12:00:00,1767036.3483552954,2059429.1038638758 
 02/02  13:00:00,1167838.34090843,1266769.7583675124 
 02/02  14:00:00,1100469.1152240243,1218338.7439649706 
 02/02  15:00:00,1166091.439890556,1336167.9720793306 
 02/02  16:00:00,1232226.3482164075,1472987.8630844972 
 02/02  17:00:00,1264212.1342169908,1616494.4441499698 
 02/02  18:00:00,1581621.6976175043,2108608.707135438 
 02/02  19:00:00,2137345.623125692,2788635.153207154 
 02/02  20:00:00,2329761.8707522023,3032854.6603141595 
 02/02  21:00:00,2550807.1143436674,3315129.039139012 
 02/02  22:00:00,2755646.3098708284,3579943.1195261227 
 02/02  23:00:00,2865004.566072757,3723617.825605567 
 02/02  24:00:00,2990822.186574722,3896271.296390749 
 02/03  01:00:00,3099450.058902893,4038266.213982206 
 02/03  02:00:00,3215273.45236512,4170503.637253293 
 02/03  03:00:00,3384363.579113845,4389147.568356318 
 02/03  04:00:00,3457058.960027117,4494852.385907272 
 02/03  05:00:00,3444772.874500174,4483009.975717834 
 02/03  06:00:00,3483109.754295133,4532813.141124161 
 02/03  07:00:00,3633188.5243031057,4731726.93793352 
 02/03  08:00:00,3880465.6402265383,5058605.175853711 
 02/03  09:00:00,4018815.3344363836,5209883.581944051 
 02/03  10:00:00,3650279.3043131162,4668201.561916871 
 02/03  11:00:00,2581297.8271410046,3194604.269985266 
 02/03  12:00:00,1577963.8576718566,1834942.5250830739 
 02/03  13:00:00,865555.2736062834,938061.4380502878 
 02/03  14:00:00,555500.4738238255,564028.0384324463 
 02/03  15:00:00,379785.3128915376,360675.5227084912 
 02/03  16:00:00,218412.40274098745,273155.7569861412 
 02/03  17:00:00,189567.66564510108,372849.28052829276 
 02/03  18:00:00,1077441.4368698993,1479373.7219409314 
 02/03  19:00:00,1957805.9267218264,2533862.76093127 
 02/03  20:00:00,2307328.280817829,2956666.3272353555 
 02/03  21:00:00,2539933.0604185443,3240990.341144859 
 02/03  22:00:00,2680148.307433147,3421081.4834012967 
 02/03  23:00:00,2846674.110385486,3655815.358682173 
 02/03  24:00:00,2981586.5042281547,3843926.9408833617 
 02/04  01:00:00,3067277.257488174,3956794.1844875356 
 02/04  02:00:00,3093653.8232383006,3984725.3353058835 
 02/04  03:00:00,3089943.649787876,3972150.9990717983 
 02/04  04:00:00,3078025.2926450176,3953380.833644338 
 02/04  05:00:00,3055550.171578197,3915949.982757772 
 02/04  06:00:00,3018728.0745868916,3861162.4752658876 
 02/04  07:00:00,3000737.045053945,3832070.5357066337 
 02/04  08:00:00,2996000.9130598526,3810419.3881128523 
 02/04  09:00:00,2946620.588763856,3734347.5022258833 
 02/04  10:00:00,2817033.78090076,3550655.5328574884 
 02/04  11:00:00,2586078.6308071297,3230906.328027944 
 02/04  12:00:00,2244229.2984623946,2769372.03922656 
 02/04  13:00:00,1865482.6301552188,2259133.8457083004 
 02/04  14:00:00,1587404.0619861595,1896598.1928477543 
 02/04  15:00:00,1384166.3714493276,1637680.3379589997 
 02/04  16:00:00,1325117.541324728,1599970.5646976847 
 02/04  17:00:00,1345204.7874018827,1683481.4963979959 
 02/04  18:00:00,1578286.5123742304,2033357.8762769997 
 02/04  19:00:00,1953640.8487995404,2485742.4288875475 
 02/04  20:00:00,2091163.613811046,2666654.4281016197 
 02/04  21:00:00,2192437.9241864053,2807477.2444189666 
 02/04  22:00:00,2303135.1075770566,2954389.7680363245 
 02/04  23:00:00,2380559.4527145457,3053414.912246059 
 02/04  24:00:00,2395432.1553885597,3080416.5856525647 
 02/05  01:00:00,2452351.5460714335,3158871.2951008594 
 02/05  02:00:00,2556348.37839056,3294652.6974669266 
 02/05  03:00:00,2658542.491327075,3424625.807839417 
 02/05  04:00:00,2790113.6802908303,3591960.905109316 
 02/05  05:00:00,2943427.217176781,3791671.559175005 
 02/05  06:00:00,3076164.704928876,3963189.1399188824 
 02/05  07:00:00,3244938.420483727,4184402.374538833 
 02/05  08:00:00,3362727.06916627,4334251.553939123 
 02/05  09:00:00,3401039.8921283227,4367557.0441653915 
 02/05  10:00:00,3170936.1348677715,4030529.0722199725 
 02/05  11:00:00,2501491.345227322,3106488.182033425 
 02/05  12:00:00,2016369.7107414787,2448035.2361323927 
 02/05  13:00:00,1718313.204665893,2051354.668791333 
 02/05  14:00:00,1480095.2361227528,1737708.2190689915 
 02/05  15:00:00,1296536.3264947738,1517452.332309793 
 02/05  16:00:00,1339092.1077179331,1627009.987801793 
 02/05  17:00:00,1211800.8153990544,1581282.2906682764 
 02/05  18:00:00,1701865.960264123,2245839.3861897686 
 02/05  19:00:00,2266169.8169180537,2886301.3046753486 
 02/05  20:00:00,2441824.908266659,3095728.3881578697 
 02/05  21:00:00,2605958.118003458,3306934.935478158 
 02/05  22:00:00,2763818.566571192,3508470.312354006 
 02/05  23:00:00,2857056.4329633545,3623586.8863834874 
 02/05  24:00:00,2950930.298998611,3749280.6482732533 
 02/06  01:00:00,3060578.349276265,3903477.126255919 
 02/06  02:00:00,3131048.5358079458,3991818.7750887414 
 02/06  03:00:00,3155002.1611630237,4019470.0577931185 
 02/06  04:00:00,3207753.49465495,4092351.993019785 
 02/06  05:00:00,3308166.326869026,4234052.057423201 
 02/06  06:00:00,3398664.599575484,4364889.3826002665 
 02/06  07:00:00,3482641.8933992973,4481480.069839605 
 02/06  08:00:00,3583858.744175751,4621229.836791897 
 02/06  09:00:00,3658420.736649023,4707957.369559543 
 02/06  10:00:00,3353864.740865214,4262964.3972919 
 02/06  11:00:00,2616516.0711974055,3236237.9009911497 
 02/06  12:00:00,2150951.4377067694,2527537.5971356602 
 02/06  13:00:00,1997167.3898816665,2244775.8428951325 
 02/06  14:00:00,1782601.3671329343,1939045.7582349752 
 02/06  15:00:00,1694531.9571426795,1846427.6597687546 
 02/06  16:00:00,1853773.0083186696,2138029.194055339 
 02/06  17:00:00,1863884.6065610475,2265478.7325631967 
 02/06  18:00:00,2105857.488225974,2695829.9896053243 
 02/06  19:00:00,2705303.4876881447,3446449.895495199 
 02/06  20:00:00,2905389.174819577,3712827.814485624 
 02/06  21:00:00,3094510.385454796,3954480.7961493926 
 02/06  22:00:00,3261788.6697027204,4175155.626386616 
 02/06  23:00:00,3432621.1881367844,4403384.737987865 
 02/06  24:00:00,3591891.5444894326,4609753.463138695 
 02/07  01:00:00,3721868.3744987804,4765191.4197458 
 02/07  02:00:00,3881441.2210720913,4962792.3744897265 
 02/07  03:00:00,4056124.696953432,5180867.7291419925 
 02/07  04:00:00,4208993.558883453,5377034.778193193 
 02/07  05:00:00,4287985.477549955,5495319.588748456 
 02/07  06:00:00,4483077.885709221,5750174.924082765 
 02/07  07:00:00,4554752.140220854,5840079.460077974 
 02/07  08:00:00,4425204.376751565,5660836.101289367 
 02/07  09:00:00,4423128.868907699,5687196.170147436 
 02/07  10:00:00,4160801.8959733294,5289124.447650099 
 02/07  11:00:00,3145121.4791504946,3781524.245121918 
 02/07  12:00:00,2171317.4257900123,2381845.285690302 
 02/07  13:00:00,1319276.7574143647,1253080.2068418032 
 02/07  14:00:00,891265.2045967967,707487.1290997056 
 02/07  15:00:00,695692.7324754609,519827.72813687404 
 02/07  16:00:00,432095.01745089947,346608.1850878698 
 02/07  17:00:00,344447.7171053077,445375.3526986424 
 02/07  18:00:00,1352598.4616540438,1809529.4032815488 
 02/07  19:00:00,2550307.10506518,3354715.200003084 
 02/07  20:00:00,2995174.36177223,3907465.1248955694 
 02/07  21:00:00,3333463.1464794185,4333276.917725129 
 02/07  22:00:00,3638366.7039467534,4723265.715448832 
 02/07  23:00:00,3948461.426829401,5114842.4535228815 
 02/07  24:00:00,4268261.935626135,5524784.279561325 
 02/08  01:00:00,4553250.852735462,5892068.579497612 
 02/08  02:00:00,4749985.709806658,6159294.704891085 
 02/08  03:00:00,4886112.7111525275,6357031.593092069 
 02/08  04:00:00,5098576.879377695,6633806.688321615 
 02/08  05:00:00,5347103.683029909,6954608.962760579 
 02/08  06:00:00,5526494.836071983,7199802.33945307 
 02/08  07:00:00,5623953.021251732,7340421.2902713865 
 02/08  08:00:00,5762003.111487887,7518106.752023907 
 02/08  09:00:00,5838978.891910876,7586650.760410045 
 02/08  10:00:00,5128020.569189733,6509187.607820599 
 02/08  11:00:00,3601601.532745263,4317686.842273549 
 02/08  12:00:00,2483666.6055312594,2743549.0237020636 
 02/08  13:00:00,1800398.288794032,1847692.3111401184 
 02/08  14:00:00,1297748.9153460965,1248998.7263464492 
 02/08  15:00:00,1026599.2666470592,968072.1989394086 
 02/08  16:00:00,729718.8695764847,739797.24407049 
 02/08  17:00:00,619928.4484921366,770118.2993233211 
 02/08  18:00:00,1578002.3911612094,2119256.410858455 
 02/08  19:00:00,2650592.005646139,3506566.2304740604 
 02/08  20:00:00,3189383.481699438,4166712.328692952 
 02/08  21:00:00,3766440.074293783,4897468.786299171 
 02/08  22:00:00,4234015.117014065,5497968.377655841 
 02/08  23:00:00,4610083.037894455,5987658.432907617 
 02/08  24:00:00,4868659.000017946,6312895.613777015 
 02/09  01:00:00,5109392.448682522,6621454.346045867 
 02/09  02:00:00,5309199.222344408,6882851.209851323 
 02/09  03:00:00,5465106.356302792,7086191.09583801 
 02/09  04:00:00,5585701.075555669,7247244.208774405 
 02/09  05:00:00,5692353.235976838,7387292.909501035 
 02/09  06:00:00,5804746.396667578,7540241.07362248 
 02/09  07:00:00,5902088.866574098,7682506.928987277 
 02/09  08:00:00,5921999.810031575,7730316.509085776 
 02/09  09:00:00,5896897.227012388,7671380.327135527 
 02/09  10:00:00,5198581.147112961,6592840.239823377 
 02/09  11:00:00,3787030.026734419,4568118.10996916 
 02/09  12:00:00,2780047.9308549305,3123011.6710664704 
 02/09  13:00:00,1921293.0404861371,1955581.1417835 
 02/09  14:00:00,1412677.544971642,1352792.1930920384 
 02/09  15:00:00,1171512.5233550416,1093360.4500325187 
 02/09  16:00:00,833580.5075542936,813743.5240887906 
 02/09  17:00:00,761078.3410654287,939190.5167729354 
 02/09  18:00:00,1613607.8605370917,2211271.5421989574 
 02/09  19:00:00,2591142.6631865758,3494788.625248316 
 02/09  20:00:00,2899599.956269787,3898076.975615602 
 02/09  21:00:00,3314877.350714326,4426531.5338438125 
 02/09  22:00:00,3730632.905315842,4942112.135659786 
 02/09  23:00:00,4295410.051611409,5641925.635058523 
 02/09  24:00:00,4649356.539090509,6053032.302794524 
 02/10  01:00:00,4810174.730956192,6229564.180168677 
 02/10  02:00:00,5014560.862771763,6504000.885045277 
 02/10  03:00:00,5166779.948415317,6720062.411764817 
 02/10  04:00:00,5315520.768874098,6906093.892827811 
 02/10  05:00:00,5433120.208579965,7068838.500306648 
 02/10  06:00:00,5485102.509340514,7154617.650904801 
 02/10  07:00:00,5555121.320869463,7233012.588152054 
 02/10  08:00:00,5619684.770614911,7294551.211781074 
 02/10  09:00:00,5716196.631152737,7378958.104397813 
 02/10  10:00:00,5002419.482662883,6325786.639551384 
 02/10  11:00:00,3516036.0517580346,4194342.8175928425 
 02/10  12:00:00,2453620.276143131,2689051.730116262 
 02/10  13:00:00,1752366.5307615253,1768018.0157531977 
 02/10  14:00:00,1318771.1114114937,1225575.383564939 
 02/10  15:00:00,1086897.5766613237,943236.619176667 
 02/10  16:00:00,729878.4993238369,624288.8122841986 
 02/10  17:00:00,608519.8222653628,630323.421299737 
 02/10  18:00:00,1267437.6128444113,1623324.9030423881 
 02/10  19:00:00,3094465.445885004,3958978.114333544 
 02/10  20:00:00,3754886.5614945497,4764670.646099216 
 02/10  21:00:00,4173365.864803245,5311445.384558271 
 02/10  22:00:00,4442160.1971266465,5680200.804255471 
 02/10  23:00:00,4576968.600405414,5879396.062160469 
 02/10  24:00:00,4725985.843892766,6090109.2223136285 
 02/11  01:00:00,4918799.394549986,6374268.701472019 
 02/11  02:00:00,5094351.853620704,6626509.911081989 
 02/11  03:00:00,5241063.487106875,6818436.3702837285 
 02/11  04:00:00,5381912.647550624,7009099.03694989 
 02/11  05:00:00,5491178.2549864175,7162254.243454925 
 02/11  06:00:00,5612620.887780204,7320808.671084864 
 02/11  07:00:00,5658252.100150163,7368201.412961053 
 02/11  08:00:00,5672016.085738851,7336272.650247702 
 02/11  09:00:00,5674079.267015292,7296853.0679528285 
 02/11  10:00:00,4958450.827831343,6210886.432442268 
 02/11  11:00:00,3558686.6309568547,4144513.1409255145 
 02/11  12:00:00,2444174.761392087,2538278.3016428608 
 02/11  13:00:00,1631224.4086867115,1463170.494805953 
 02/11  14:00:00,1090010.8039027457,747150.407659881 
 02/11  15:00:00,762026.1046111293,353682.8451780748 
 02/11  16:00:00,357458.1273781863,26905.61108126276 
 02/11  17:00:00,196159.46910829225,51694.58143832089 
 02/11  18:00:00,887947.192412005,1071277.381202844 
 02/11  19:00:00,2261809.01604135,2951783.4928346328 
 02/11  20:00:00,2785852.9118815493,3615369.348130909 
 02/11  21:00:00,3328615.9976052614,4313830.368728759 
 02/11  22:00:00,3736254.7524534888,4857465.060460611 
 02/11  23:00:00,4103333.1105167856,5333256.589459455 
 02/11  24:00:00,4409734.435586233,5724031.053252963 
 02/12  01:00:00,4667541.747639902,6086909.250857618 
 02/12  02:00:00,4861439.660526863,6364536.900712553 
 02/12  03:00:00,5016954.4280705275,6571644.525772494 
 02/12  04:00:00,5164670.424032466,6770110.832461564 
 02/12  05:00:00,5268839.33219534,6919275.157207329 
 02/12  06:00:00,5337349.741554058,7018623.5210776655 
 02/12  07:00:00,5382790.312834172,7079691.528549698 
 02/12  08:00:00,5438314.257803678,7147390.416340178 
 02/12  09:00:00,5453677.5822699135,7127142.799712565 
 02/12  10:00:00,4706335.469272858,5955055.61233038 
 02/12  11:00:00,3283500.5109672584,3845132.586401899 
 02/12  12:00:00,2196880.9144977783,2267092.024031694 
 02/12  13:00:00,1413483.962123437,1230158.8795335628 
 02/12  14:00:00,884975.8505853026,526147.3281103179 
 02/12  15:00:00,574497.2568294536,156011.81187913465 
 02/12  16:00:00,161100.26659545838,0.0 
 02/12  17:00:00,0.0,0.0 
 02/12  18:00:00,587289.2842266841,676409.9301414485 
 02/12  19:00:00,2067065.4089676042,2679090.7962085106 
 02/12  20:00:00,2657683.954781589,3428663.2010200704 
 02/12  21:00:00,3191425.628379457,4152604.4747407353 
 02/12  22:00:00,3738204.583601594,4883170.602782869 
 02/12  23:00:00,4211003.7602865845,5492133.184417267 
 02/12  24:00:00,4535388.161950209,5911651.94996297 
 02/13  01:00:00,4826098.342991018,6292392.568585924 
 02/13  02:00:00,5072416.205447346,6620793.2438098565 
 02/13  03:00:00,5232441.189169353,6842118.794265294 
 02/13  04:00:00,5266074.743503642,6900575.921139323 
 02/13  05:00:00,5269002.203087631,6911584.114829077 
 02/13  06:00:00,5341313.389821502,7009481.22841214 
 02/13  07:00:00,5406960.2558833,7099613.779781664 
 02/13  08:00:00,5461438.860164807,7164233.466190296 
 02/13  09:00:00,5443255.4203266185,7097313.207316903 
 02/13  10:00:00,4536073.755482974,5736340.36025159 
 02/13  11:00:00,2991886.0631910516,3497250.5479130074 
 02/13  12:00:00,1826930.2927380062,1874003.4407184387 
 02/13  13:00:00,943169.8872974935,734891.3409861954 
 02/13  14:00:00,300540.51216935983,38635.22327073879 
 02/13  15:00:00,3871.178323368804,0.0 
 02/13  16:00:00,0.0,0.0 
 02/13  17:00:00,0.0,0.0 
 02/13  18:00:00,102522.43023943629,127770.71086537871 
 02/13  19:00:00,1659939.6727431451,2096421.3658176342 
 02/13  20:00:00,2371259.848741936,2999363.4027810553 
 02/13  21:00:00,2841376.491481866,3628395.616780837 
 02/13  22:00:00,3222350.1751617575,4162555.416183644 
 02/13  23:00:00,3625517.053035496,4700128.101142321 
 02/13  24:00:00,3931576.7472845856,5096488.4419311825 
 02/14  01:00:00,4177032.853590428,5418170.818925589 
 02/14  02:00:00,4335903.578109,5640378.615359884 
 02/14  03:00:00,4478582.301340307,5833330.330314299 
 02/14  04:00:00,4631967.550361114,6033670.096610062 
 02/14  05:00:00,4743793.686756407,6179299.3141538 
 02/14  06:00:00,4864025.863054211,6332582.983992911 
 02/14  07:00:00,4921954.329842273,6412518.277165115 
 02/14  08:00:00,4967825.475335276,6478134.588234466 
 02/14  09:00:00,4957666.168155872,6434858.582127573 
 02/14  10:00:00,4063138.9031032245,5142602.741977744 
 02/14  11:00:00,2547476.640318599,2987910.0331168417 
 02/14  12:00:00,1372774.8163692974,1394301.9409658278 
 02/14  13:00:00,432757.0133546041,246754.38977221493 
 02/14  14:00:00,3894.3735119275516,0.0 
 02/14  15:00:00,0.0,0.0 
 02/14  16:00:00,0.0,0.0 
 02/14  17:00:00,0.0,0.0 
 02/14  18:00:00,0.0,0.0 
 02/14  19:00:00,949590.7100300321,1254428.0028006318 
 02/14  20:00:00,1834828.4336608015,2330982.251159165 
 02/14  21:00:00,2419941.0683715027,3079812.769599532 
 02/14  22:00:00,2921882.4578596163,3730990.992560873 
 02/14  23:00:00,3255037.6043980625,4180086.5171977635 
 02/14  24:00:00,3357012.472427094,4331601.047162302 
 02/15  01:00:00,3471214.5976829384,4495660.62544817 
 02/15  02:00:00,3664499.6639734316,4756938.264659354 
 02/15  03:00:00,3830894.8190199,4981802.642133493 
 02/15  04:00:00,3946317.8786821673,5144123.835275864 
 02/15  05:00:00,4056530.925894642,5295249.021864754 
 02/15  06:00:00,4174999.608184537,5451643.702403934 
 02/15  07:00:00,4300014.057978281,5614358.282078415 
 02/15  08:00:00,4428810.283176493,5782425.577640239 
 02/15  09:00:00,4442676.373269541,5776532.54443159 
 02/15  10:00:00,3621535.4850213197,4584681.746145629 
 02/15  11:00:00,2184313.3333656713,2552920.84173334 
 02/15  12:00:00,1036790.2948032366,1022894.2118970358 
 02/15  13:00:00,245147.40754869708,100152.08909981302 
 02/15  14:00:00,0.0,0.0 
 02/15  15:00:00,0.0,0.0 
 02/15  16:00:00,0.0,0.0 
 02/15  17:00:00,0.0,0.0 
 02/15  18:00:00,0.0,0.0 
 02/15  19:00:00,547207.7080653427,621539.1976434963 
 02/15  20:00:00,1477680.4451643461,1766706.6348402135 
 02/15  21:00:00,2018834.5573651912,2482506.437535266 
 02/15  22:00:00,2368563.7279986134,2942837.5245081615 
 02/15  23:00:00,2735655.8167898646,3425539.358342042 
 02/15  24:00:00,3068035.9250173885,3871480.9836553154 
 02/16  01:00:00,3352183.133306806,4264759.523016826 
 02/16  02:00:00,3674429.064674764,4705863.484881128 
 02/16  03:00:00,3964005.8624999644,5117743.025687055 
 02/16  04:00:00,4207079.140641539,5472285.552535275 
 02/16  05:00:00,4423000.741202578,5773176.1591649745 
 02/16  06:00:00,4620769.1882290095,6062697.404445661 
 02/16  07:00:00,4841197.355487546,6365749.580289804 
 02/16  08:00:00,5025671.216504886,6600841.756612229 
 02/16  09:00:00,5024078.611565597,6559405.682566843 
 02/16  10:00:00,4041846.7112100944,5077736.4752951665 
 02/16  11:00:00,2447409.296875127,2797614.2655667053 
 02/16  12:00:00,1191248.872732422,1112422.5832379882 
 02/16  13:00:00,320044.38079169637,95712.93149417761 
 02/16  14:00:00,0.0,0.0 
 02/16  15:00:00,0.0,0.0 
 02/16  16:00:00,0.0,0.0 
 02/16  17:00:00,0.0,0.0 
 02/16  18:00:00,0.0,0.0 
 02/16  19:00:00,145607.14390725843,230391.7460547702 
 02/16  20:00:00,783208.2621757364,1073100.617931733 
 02/16  21:00:00,1516286.271122038,2004013.4046301942 
 02/16  22:00:00,2275112.1945703863,2952278.066550978 
 02/16  23:00:00,2804939.740865183,3636511.649583523 
 02/16  24:00:00,3099369.737160923,4019831.71647159 
 02/17  01:00:00,3315727.0874662944,4297397.31404482 
 02/17  02:00:00,3498299.5976488083,4550091.3503584955 
 02/17  03:00:00,3671120.2572157113,4800801.62722791 
 02/17  04:00:00,3798031.3537798896,4997009.238126424 
 02/17  05:00:00,3935567.565465264,5184948.36220925 
 02/17  06:00:00,4048952.7090195324,5325999.447015829 
 02/17  07:00:00,4108397.265205297,5374288.032903917 
 02/17  08:00:00,4113511.7035816167,5345397.702275115 
 02/17  09:00:00,3973160.9148832057,5114346.098723808 
 02/17  10:00:00,3455357.9257823424,4327481.491313748 
 02/17  11:00:00,2697302.484189089,3271479.5353250215 
 02/17  12:00:00,1993287.3255902007,2306998.1911656135 
 02/17  13:00:00,1149533.235204124,1165188.2065766046 
 02/17  14:00:00,779645.4514959268,740799.1419927559 
 02/17  15:00:00,632744.1780079557,597901.2000683914 
 02/17  16:00:00,590532.6970081275,583675.2273551428 
 02/17  17:00:00,672253.3233252435,765112.6770621953 
 02/17  18:00:00,868550.3823687184,1143744.107995635 
 02/17  19:00:00,1238873.2744964894,1666046.1209244896 
 02/17  20:00:00,1500998.4313002296,1983974.2100902353 
 02/17  21:00:00,1733863.6742173615,2297106.834483594 
 02/17  22:00:00,1891129.8885660586,2524771.964755133 
 02/17  23:00:00,2034386.9227722222,2725919.749763446 
 02/17  24:00:00,2013404.0592213105,2659305.5203072717 
 02/18  01:00:00,2002191.5423663943,2599370.3027734114 
 02/18  02:00:00,2060266.8751755399,2666051.5912416806 
 02/18  03:00:00,2097249.3089096984,2723263.9331355686 
 02/18  04:00:00,2167315.724162629,2822438.17253133 
 02/18  05:00:00,2214436.6783335474,2883768.8853640542 
 02/18  06:00:00,2225151.0550786206,2898233.687057637 
 02/18  07:00:00,2224230.070738812,2899799.330407776 
 02/18  08:00:00,2280426.93299867,2969215.5590044633 
 02/18  09:00:00,2296282.4171767086,2972364.5507319537 
 02/18  10:00:00,2018365.57862077,2534159.5091882446 
 02/18  11:00:00,1567146.969616435,1856965.1095530018 
 02/18  12:00:00,1006597.6058363564,1064487.518577584 
 02/18  13:00:00,454962.92278951884,351187.52515446907 
 02/18  14:00:00,43452.832690364456,0.0 
 02/18  15:00:00,0.0,0.0 
 02/18  16:00:00,0.0,0.0 
 02/18  17:00:00,0.0,0.0 
 02/18  18:00:00,0.0,0.0 
 02/18  19:00:00,289225.3699448011,374455.05752601346 
 02/18  20:00:00,761129.282132101,1011018.0006653937 
 02/18  21:00:00,1054574.6274641068,1387916.1386498054 
 02/18  22:00:00,1402029.4883270748,1839965.587058117 
 02/18  23:00:00,1797761.0488202511,2358813.7162839766 
 02/18  24:00:00,2201258.652779735,2882789.9175497997 
 02/19  01:00:00,2457408.3334399383,3214717.607817885 
 02/19  02:00:00,2644707.261605579,3475733.1360574877 
 02/19  03:00:00,2727293.391206092,3622697.440190954 
 02/19  04:00:00,2726422.9118292085,3645479.658158165 
 02/19  05:00:00,2697530.9620177452,3618782.2736123623 
 02/19  06:00:00,2734662.953841604,3660794.8805716434 
 02/19  07:00:00,2754660.5144117856,3666477.4040579777 
 02/19  08:00:00,2774874.020462808,3682187.815321164 
 02/19  09:00:00,2684470.8655216093,3505954.4813062735 
 02/19  10:00:00,2281189.5518413065,2849178.588372642 
 02/19  11:00:00,1707667.4386423575,2011996.8778327187 
 02/19  12:00:00,1208935.8352930052,1346157.9943559438 
 02/19  13:00:00,883507.7697578439,939233.6079697533 
 02/19  14:00:00,755274.6367402878,791685.8006409028 
 02/19  15:00:00,623583.3411596753,613978.599791004 
 02/19  16:00:00,418950.898901016,380289.9729605649 
 02/19  17:00:00,295421.17559678445,324086.67069420917 
 02/19  18:00:00,319526.794570058,497330.4510521412 
 02/19  19:00:00,1239780.1216282074,1595567.5591868493 
 02/19  20:00:00,1508342.1051220088,1964037.996848538 
 02/19  21:00:00,1691391.657936106,2222460.992023451 
 02/19  22:00:00,1910788.9983021808,2503066.71682974 
 02/19  23:00:00,2299006.7746843845,2993144.2482491536 
 02/19  24:00:00,2454618.721655477,3184740.9949528226 
 02/20  01:00:00,2546279.7297839867,3274818.7702983543 
 02/20  02:00:00,2774708.2750569214,3554972.3779906537 
 02/20  03:00:00,3034687.9780543298,3909336.136166362 
 02/20  04:00:00,3224912.1642718147,4188614.4449969362 
 02/20  05:00:00,3367798.2811848894,4391227.552428938 
 02/20  06:00:00,3505530.9266136675,4571783.031465886 
 02/20  07:00:00,3601820.02311289,4697334.292939429 
 02/20  08:00:00,3720889.769745822,4887824.272708483 
 02/20  09:00:00,3666606.544695261,4826129.149267195 
 02/20  10:00:00,2900768.6069367398,3640390.184850408 
 02/20  11:00:00,1697859.9117029537,1872936.5852823437 
 02/20  12:00:00,717762.0570076049,541106.6990484353 
 02/20  13:00:00,97924.15945924367,0.0 
 02/20  14:00:00,0.0,0.0 
 02/20  15:00:00,0.0,0.0 
 02/20  16:00:00,0.0,0.0 
 02/20  17:00:00,0.0,0.0 
 02/20  18:00:00,0.0,0.0 
 02/20  19:00:00,162130.8645648773,203233.1363558544 
 02/20  20:00:00,858771.6314348785,1131013.9935995336 
 02/20  21:00:00,1420894.4503214583,1892752.500388762 
 02/20  22:00:00,1873699.9532977655,2500337.8557102843 
 02/20  23:00:00,2314433.8694630815,3062096.9492138843 
 02/20  24:00:00,2732727.227125547,3598281.2929092753 
 02/21  01:00:00,3056397.0558311883,4027121.3676051027 
 02/21  02:00:00,3318122.847563325,4393471.793571827 
 02/21  03:00:00,3567173.440130091,4743744.786211135 
 02/21  04:00:00,3754461.3774416037,4999219.697254801 
 02/21  05:00:00,3879628.019791207,5174460.925718642 
 02/21  06:00:00,3962929.5270132194,5296877.200818341 
 02/21  07:00:00,4025030.9227093915,5387066.429977176 
 02/21  08:00:00,4058689.9645671113,5430230.740996242 
 02/21  09:00:00,3917108.737207737,5179135.436628886 
 02/21  10:00:00,2967348.2941730605,3719339.83036061 
 02/21  11:00:00,1686714.9485178483,1857436.9189115756 
 02/21  12:00:00,733300.0512061495,589107.5964351688 
 02/21  13:00:00,114667.56169922592,5164.273283584043 
 02/21  14:00:00,0.0,0.0 
 02/21  15:00:00,0.0,0.0 
 02/21  16:00:00,0.0,0.0 
 02/21  17:00:00,0.0,0.0 
 02/21  18:00:00,0.0,0.0 
 02/21  19:00:00,213911.10705572355,174402.1071394258 
 02/21  20:00:00,891693.6957964172,995198.4488076349 
 02/21  21:00:00,1372751.0455174437,1640898.2759895604 
 02/21  22:00:00,1690400.7171479708,2083340.7920803437 
 02/21  23:00:00,1886907.8548692097,2340194.9449392348 
 02/21  24:00:00,2051605.3657057646,2559253.7110434026 
 02/22  01:00:00,2192963.018406473,2755710.8328261455 
 02/22  02:00:00,2306437.1628257367,2942530.4640273945 
 02/22  03:00:00,2423184.5316210804,3138846.2217560876 
 02/22  04:00:00,2545135.755267298,3313245.530645834 
 02/22  05:00:00,2601938.5732346484,3392762.5037361733 
 02/22  06:00:00,2632908.264328014,3410046.108269836 
 02/22  07:00:00,2735529.8160216697,3521326.1245630025 
 02/22  08:00:00,2752563.1247053137,3536786.7137010926 
 02/22  09:00:00,2635871.9922242737,3359393.2733348235 
 02/22  10:00:00,2328438.665851569,2868835.569614442 
 02/22  11:00:00,1922764.828585968,2256703.586175953 
 02/22  12:00:00,1596173.2095818496,1801345.1612243461 
 02/22  13:00:00,1441032.5165012954,1604841.5952743227 
 02/22  14:00:00,1203642.984263538,1263444.8422413575 
 02/22  15:00:00,1062216.9286553604,1084980.4611972242 
 02/22  16:00:00,1006507.0027357129,1049928.0442874865 
 02/22  17:00:00,944036.7441021533,1059004.917028513 
 02/22  18:00:00,674318.7462692993,915115.3148800789 
 02/22  19:00:00,1472339.646230676,1961169.8545298844 
 02/22  20:00:00,1728737.4476869649,2276876.8966320595 
 02/22  21:00:00,1907255.3034259698,2487837.0583981103 
 02/22  22:00:00,2026542.757188205,2646400.555079509 
 02/22  23:00:00,2219687.2852729815,2907709.391509026 
 02/22  24:00:00,2256924.474450241,2960714.0899679335 
 02/23  01:00:00,2237243.7460891297,2946799.2540951306 
 02/23  02:00:00,2307420.6082478547,3036903.2703650044 
 02/23  03:00:00,2350740.8617098406,3076353.2641627276 
 02/23  04:00:00,2402404.3530230573,3141133.133781167 
 02/23  05:00:00,2509839.28409709,3317101.9983719424 
 02/23  06:00:00,2656432.4193734284,3544383.5202945424 
 02/23  07:00:00,2726112.6805842468,3649499.876892699 
 02/23  08:00:00,2786778.3633946693,3739614.265281804 
 02/23  09:00:00,2774197.471017899,3682277.1355223088 
 02/23  10:00:00,2245695.99586552,2801230.7142975316 
 02/23  11:00:00,1380689.7799722748,1518215.673764376 
 02/23  12:00:00,570801.2801822042,414669.0861193893 
 02/23  13:00:00,101608.40749387644,0.0 
 02/23  14:00:00,0.0,0.0 
 02/23  15:00:00,0.0,0.0 
 02/23  16:00:00,0.0,0.0 
 02/23  17:00:00,0.0,0.0 
 02/23  18:00:00,0.0,0.0 
 02/23  19:00:00,313350.42321360996,314078.61898387456 
 02/23  20:00:00,832628.0439044982,973062.5533787833 
 02/23  21:00:00,1156782.6105435402,1404381.861660049 
 02/23  22:00:00,1276159.2787379792,1580007.9094591285 
 02/23  23:00:00,1394050.7793172642,1740694.9245549673 
 02/23  24:00:00,1499141.009522165,1886673.4804198048 
 02/24  01:00:00,1621283.3437020523,2049391.7660243367 
 02/24  02:00:00,1741925.741471992,2211901.50806864 
 02/24  03:00:00,1827507.2920437271,2321652.4575701207 
 02/24  04:00:00,2010222.0365477798,2593507.2039436763 
 02/24  05:00:00,2234048.111526306,2943929.8187636817 
 02/24  06:00:00,2423014.366685611,3231663.622035696 
 02/24  07:00:00,2527346.9437687625,3394936.2493741265 
 02/24  08:00:00,2571917.0504758223,3434023.181173291 
 02/24  09:00:00,2527242.589472129,3302874.401357177 
 02/24  10:00:00,2023944.8190401013,2463978.6519710682 
 02/24  11:00:00,1218189.2679438198,1265640.0845051897 
 02/24  12:00:00,568583.9683990198,429646.43211868976 
 02/24  13:00:00,134749.18852031263,9682.898017994743 
 02/24  14:00:00,0.0,0.0 
 02/24  15:00:00,0.0,0.0 
 02/24  16:00:00,0.0,0.0 
 02/24  17:00:00,0.0,0.0 
 02/24  18:00:00,0.0,0.0 
 02/24  19:00:00,531812.4246771925,642034.7611223871 
 02/24  20:00:00,891091.0163732872,1110683.3004585104 
 02/24  21:00:00,1119537.0649436845,1418412.8839242097 
 02/24  22:00:00,1318640.4156247582,1677388.3509299823 
 02/24  23:00:00,1678369.9636567659,2139366.865256352 
 02/24  24:00:00,1955768.0924381171,2517524.194567117 
 02/25  01:00:00,2168495.553324364,2813818.69848616 
 02/25  02:00:00,2442014.827558474,3167655.0204852424 
 02/25  03:00:00,2651192.727175156,3436231.728021127 
 02/25  04:00:00,2846068.601068544,3684704.6092766803 
 02/25  05:00:00,3101783.2425774178,4009699.786878222 
 02/25  06:00:00,3186646.614665743,4122631.791221156 
 02/25  07:00:00,3213127.2770394254,4176523.452326039 
 02/25  08:00:00,3112056.4103324567,4039184.341634849 
 02/25  09:00:00,2944145.129939716,3768175.9247566527 
 02/25  10:00:00,2712751.910785904,3414599.591706703 
 02/25  11:00:00,2375259.281538377,2930039.1508684214 
 02/25  12:00:00,2054354.8453322155,2459092.2965932144 
 02/25  13:00:00,1498188.8929176247,1659630.2156535531 
 02/25  14:00:00,1022341.3338773629,1024712.7144056701 
 02/25  15:00:00,875588.6285819616,866467.4733824104 
 02/25  16:00:00,787972.039352337,844892.897804184 
 02/25  17:00:00,533589.0790341888,711677.4376802263 
 02/25  18:00:00,806358.8691683013,1218275.3660325333 
 02/25  19:00:00,2087976.8899877584,2678860.2969357194 
 02/25  20:00:00,2399053.342412315,3067248.8637676784 
 02/25  21:00:00,2637143.276391514,3368970.872468405 
 02/25  22:00:00,2836683.4757169336,3619668.5001578466 
 02/25  23:00:00,3007768.8088993113,3846569.9740240243 
 02/25  24:00:00,3135184.068263514,4017076.2822640864 
 02/26  01:00:00,3257878.012584848,4174826.933818552 
 02/26  02:00:00,3383074.3456330355,4334050.96112603 
 02/26  03:00:00,3510694.5025811996,4498089.989903407 
 02/26  04:00:00,3629427.857629008,4643562.157213011 
 02/26  05:00:00,3745454.6437449683,4783984.563983598 
 02/26  06:00:00,3855753.872487385,4913624.226194343 
 02/26  07:00:00,3982870.5091537214,5060880.2695027385 
 02/26  08:00:00,4119983.595907527,5226407.853223978 
 02/26  09:00:00,4135040.630425298,5229885.17816161 
 02/26  10:00:00,3672526.495946642,4619096.393399187 
 02/26  11:00:00,2936205.909778307,3640309.9511440345 
 02/26  12:00:00,2377909.380016635,2863942.4652998224 
 02/26  13:00:00,1961071.8214349458,2289668.9522392247 
 02/26  14:00:00,1834968.3355509676,2156351.3787056473 
 02/26  15:00:00,1812299.7057361216,2168942.36788028 
 02/26  16:00:00,1789784.2532297205,2243991.0414886293 
 02/26  17:00:00,1825175.3421746988,2413682.67960391 
 02/26  18:00:00,1945664.1496837065,2720601.8960493747 
 02/26  19:00:00,3124486.0850669434,4004787.732771178 
 02/26  20:00:00,3333195.5833334224,4247087.327560186 
 02/26  21:00:00,3461669.6150009446,4394552.5180217195 
 02/26  22:00:00,3577999.1249244343,4533700.847417575 
 02/26  23:00:00,3671844.257771466,4647111.388526516 
 02/26  24:00:00,3743669.0560466805,4739301.808356428 
 02/27  01:00:00,3797082.8315888452,4809684.612853678 
 02/27  02:00:00,3820778.7778903795,4838537.065471455 
 02/27  03:00:00,3889830.909614546,4921892.902664636 
 02/27  04:00:00,4001410.412955613,5059129.316697165 
 02/27  05:00:00,4099342.1786704846,5181001.131660737 
 02/27  06:00:00,4186892.2649454908,5290143.233267994 
 02/27  07:00:00,4285462.2247582525,5413454.245296644 
 02/27  08:00:00,4398155.930633023,5553992.606978438 
 02/27  09:00:00,4392028.5620962,5550306.719336025 
 02/27  10:00:00,3799263.6578928092,4722920.870812723 
 02/27  11:00:00,2795511.5598227605,3299119.3486593347 
 02/27  12:00:00,2047503.5443624926,2203590.282222985 
 02/27  13:00:00,1517949.6349419765,1486177.9162556631 
 02/27  14:00:00,1160686.5806867543,1028935.8417841365 
 02/27  15:00:00,992327.5991501235,847508.7593945683 
 02/27  16:00:00,759734.4826145993,713111.9353310416 
 02/27  17:00:00,606613.7994064747,704962.0837686649 
 02/27  18:00:00,910668.1151416488,1238558.3309380878 
 02/27  19:00:00,2511679.167679956,3163967.596639812 
 02/27  20:00:00,2884238.9592609135,3668301.480525234 
 02/27  21:00:00,3162190.3426600266,4024629.5100167664 
 02/27  22:00:00,3407966.9916866343,4342180.619712434 
 02/27  23:00:00,3673819.1054957327,4704988.638624923 
 02/27  24:00:00,3919073.126100314,5052932.346970923 
 02/28  01:00:00,4163400.4464827217,5384672.816928878 
 02/28  02:00:00,4371736.711402778,5657075.995667981 
 02/28  03:00:00,4480550.6873456165,5798041.490420718 
 02/28  04:00:00,4546429.669925039,5891884.972389184 
 02/28  05:00:00,4612894.19978412,5992861.6523916405 
 02/28  06:00:00,4679974.855344202,6068788.02197173 
 02/28  07:00:00,4735921.691185944,6110537.21971259 
 02/28  08:00:00,4804026.015838461,6185613.793499207 
 02/28  09:00:00,4680080.147183756,5978899.810758707 
 02/28  10:00:00,3991479.0988564147,4940625.630473899 
 02/28  11:00:00,3131940.141690626,3687405.216007333 
 02/28  12:00:00,2417996.9157436225,2623623.9742328767 
 02/28  13:00:00,1935004.3127901598,1959185.8482700759 
 02/28  14:00:00,1651415.4091870028,1575618.1817928336 
 02/28  15:00:00,1624261.6522161004,1543639.829434247 
 02/28  16:00:00,1454790.6388908597,1480908.43605085 
 02/28  17:00:00,1599189.2022805058,1855719.8243768392 
 02/28  18:00:00,1865317.951858123,2399382.260264765 
 02/28  19:00:00,3170100.9460867085,3995719.322590184 
 02/28  20:00:00,3383922.608796032,4267193.19007115 
 02/28  21:00:00,3584976.271082334,4558037.432277488 
 02/28  22:00:00,3796113.1934460043,4865527.069182087 
 02/28  23:00:00,3984798.8287823983,5124604.418244326 
 02/28  24:00:00,4150911.6181046134,5359281.042875176 
 03/01  01:00:00,4286526.302215209,5541425.318962603 
 03/01  02:00:00,4410433.9200465055,5687637.995629831 
 03/01  03:00:00,4542623.6957668215,5850199.217244303 
 03/01  04:00:00,4659681.248786059,5998763.97206756 
 03/01  05:00:00,4770356.537468689,6146258.639632602 
 03/01  06:00:00,4865422.209797901,6255128.67012089 
 03/01  07:00:00,4908654.177461456,6291017.054305702 
 03/01  08:00:00,4897785.796473421,6279394.3342894865 
 03/01  09:00:00,4706041.355668057,6001443.427032604 
 03/01  10:00:00,3986860.8035601308,4936869.365088622 
 03/01  11:00:00,3175251.0699436553,3735786.4729787894 
 03/01  12:00:00,2513475.9353357106,2702755.389622325 
 03/01  13:00:00,1872265.2548348445,1786200.48165764 
 03/01  14:00:00,1459156.003356941,1255305.066676003 
 03/01  15:00:00,1333230.703268596,1150667.7643775656 
 03/01  16:00:00,1155673.3581610993,1100571.084933183 
 03/01  17:00:00,1092227.0439702747,1207800.1169598347 
 03/01  18:00:00,1447780.3847349742,1828681.5728813084 
 03/01  19:00:00,2665506.042158501,3315591.6205405705 
 03/01  20:00:00,2851730.025154191,3591720.145953987 
 03/01  21:00:00,2969194.1312257946,3743583.6272976603 
 03/01  22:00:00,3134002.116737946,3957333.5209700083 
 03/01  23:00:00,3291091.548282641,4164161.561339504 
 03/01  24:00:00,3531423.431784826,4493693.008472477 
 03/02  01:00:00,3696506.8288262496,4706081.8302177815 
 03/02  02:00:00,3814092.744683465,4843161.52463994 
 03/02  03:00:00,3933311.3589636213,5022173.205135935 
 03/02  04:00:00,3950208.2907709824,5062790.691829479 
 03/02  05:00:00,3948356.8060121047,5054511.197917251 
 03/02  06:00:00,4022543.7528199963,5147020.145846113 
 03/02  07:00:00,4070227.3360898043,5209791.756223741 
 03/02  08:00:00,4129051.709820676,5311902.281031015 
 03/02  09:00:00,4029982.4572285516,5154966.467175448 
 03/02  10:00:00,3235779.508106701,3860439.372519555 
 03/02  11:00:00,2294260.267961757,2384621.5136676473 
 03/02  12:00:00,1630461.865005707,1440984.3259369598 
 03/02  13:00:00,1095958.0657106817,650785.3671957674 
 03/02  14:00:00,783014.2875560604,169544.38762773064 
 03/02  15:00:00,559383.7506040742,5042.923601935762 
 03/02  16:00:00,149003.39041546616,0.0 
 03/02  17:00:00,0.0,0.0 
 03/02  18:00:00,260763.0760499371,165964.02274960274 
 03/02  19:00:00,1530583.1725378106,1854750.2312013356 
 03/02  20:00:00,2389330.8993954984,2933857.517790778 
 03/02  21:00:00,2800963.776124488,3454642.8065481354 
 03/02  22:00:00,3078655.0040883347,3829704.045513944 
 03/02  23:00:00,3324409.158233339,4182104.4579724963 
 03/02  24:00:00,3538676.595959765,4506713.525855572 
 03/03  01:00:00,3765790.2534689456,4828800.505433816 
 03/03  02:00:00,3989998.0299461735,5128498.321219065 
 03/03  03:00:00,4165513.3775151526,5368076.936896891 
 03/03  04:00:00,4366824.922739599,5640219.179076625 
 03/03  05:00:00,4560942.539594815,5898113.576034693 
 03/03  06:00:00,4694907.965075182,6072715.125315645 
 03/03  07:00:00,4841606.895529025,6257170.601770487 
 03/03  08:00:00,4938719.486024942,6367941.361290673 
 03/03  09:00:00,4631349.638088355,5917283.697110299 
 03/03  10:00:00,3604828.629465674,4396240.666245426 
 03/03  11:00:00,2561915.0103372573,2863363.164940523 
 03/03  12:00:00,1840543.168117694,1843544.5896135697 
 03/03  13:00:00,1292201.2039063803,1143802.263413919 
 03/03  14:00:00,1004954.5383279902,780173.7967423846 
 03/03  15:00:00,831288.2590065158,559238.6500788758 
 03/03  16:00:00,575270.2290960042,373277.46600725444 
 03/03  17:00:00,615945.9018345734,592314.566305183 
 03/03  18:00:00,535936.9461887792,668418.7971804714 
 03/03  19:00:00,1647227.52240047,2073885.3926494783 
 03/03  20:00:00,2217958.8103805236,2802352.6189887454 
 03/03  21:00:00,2446069.835397386,3115068.672936488 
 03/03  22:00:00,2601185.2038624957,3333151.8033236386 
 03/03  23:00:00,2696299.535358164,3481446.1522367485 
 03/03  24:00:00,2879663.737292764,3740563.0399889955 
 03/04  01:00:00,3099579.8241477306,4049614.580815415 
 03/04  02:00:00,3251506.4653433617,4266144.861635287 
 03/04  03:00:00,3334071.788502482,4374460.97802827 
 03/04  04:00:00,3343327.0361998007,4388177.249080819 
 03/04  05:00:00,3387587.6911697243,4451670.3131827535 
 03/04  06:00:00,3500282.8954336327,4603987.22325041 
 03/04  07:00:00,3583332.8094067774,4719709.957260058 
 03/04  08:00:00,3663433.2966144206,4815096.941503037 
 03/04  09:00:00,3558007.6758087305,4595963.927023749 
 03/04  10:00:00,2750176.7046009544,3329897.533849439 
 03/04  11:00:00,1819961.5743071644,1949639.3037483674 
 03/04  12:00:00,1168705.3369904512,1058980.7769548942 
 03/04  13:00:00,646303.6919195643,356751.9611768096 
 03/04  14:00:00,309455.5501836963,3875.8872616599547 
 03/04  15:00:00,117719.20471669365,0.0 
 03/04  16:00:00,0.0,0.0 
 03/04  17:00:00,0.0,0.0 
 03/04  18:00:00,6428.473895844945,0.0 
 03/04  19:00:00,1088288.5898111279,1297614.785554313 
 03/04  20:00:00,1718904.8177595153,2114776.8927900237 
 03/04  21:00:00,2083892.8575171428,2583637.2439674493 
 03/04  22:00:00,2380947.113643925,2970888.8867311864 
 03/04  23:00:00,2678398.138959067,3368746.195609458 
 03/04  24:00:00,2982097.6049704226,3773723.1094262223 
 03/05  01:00:00,3277028.618961583,4154204.6393201947 
 03/05  02:00:00,3556788.066722422,4515462.461047383 
 03/05  03:00:00,3813849.421327631,4852347.190154972 
 03/05  04:00:00,4080876.0182711333,5200666.291958708 
 03/05  05:00:00,4337932.2037534015,5536391.480985623 
 03/05  06:00:00,4549473.084633728,5818830.632307163 
 03/05  07:00:00,4764315.62727075,6107295.460414661 
 03/05  08:00:00,4919339.888963395,6307696.487703026 
 03/05  09:00:00,4692153.185348399,5958715.898208175 
 03/05  10:00:00,3727628.712807229,4524856.566248231 
 03/05  11:00:00,2735790.9581752364,3063250.2543045226 
 03/05  12:00:00,1953001.315646367,1927724.6445955557 
 03/05  13:00:00,1321103.8344263448,1062168.4939552906 
 03/05  14:00:00,916130.7882632718,501746.54031078826 
 03/05  15:00:00,608102.5637555816,130940.71442636996 
 03/05  16:00:00,156499.77056664502,0.0 
 03/05  17:00:00,0.0,0.0 
 03/05  18:00:00,113182.98680120862,93713.37685628532 
 03/05  19:00:00,1341282.3610402187,1698358.23048932 
 03/05  20:00:00,2390242.8358543515,3040468.6303815222 
 03/05  21:00:00,3057609.6712235324,3894884.810323339 
 03/05  22:00:00,3586968.721260853,4579222.0980894035 
 03/05  23:00:00,4016943.2068111994,5140747.245276158 
 03/05  24:00:00,4293393.432587999,5524512.431359174 
 03/06  01:00:00,4487178.409214621,5810218.375674957 
 03/06  02:00:00,4710832.347657391,6105705.925812518 
 03/06  03:00:00,4908276.001454116,6351176.749057054 
 03/06  04:00:00,5033046.190307814,6536564.742286461 
 03/06  05:00:00,5172814.843691646,6739249.267996369 
 03/06  06:00:00,5250174.137469865,6824171.5224489905 
 03/06  07:00:00,5253168.854002935,6822797.217498828 
 03/06  08:00:00,5245436.556783556,6779209.914268504 
 03/06  09:00:00,4888710.26516295,6161030.276479692 
 03/06  10:00:00,3709435.725086201,4340942.079041374 
 03/06  11:00:00,2430145.9872201113,2478404.898950307 
 03/06  12:00:00,1443153.574863627,1168854.2193333032 
 03/06  13:00:00,774342.1038636938,241475.9786734583 
 03/06  14:00:00,393214.8949167218,0.0 
 03/06  15:00:00,126549.13157216215,0.0 
 03/06  16:00:00,0.0,0.0 
 03/06  17:00:00,5759.095750689448,0.0 
 03/06  18:00:00,200.36015887744725,0.0 
 03/06  19:00:00,1282117.3405119716,1485691.0952474237 
 03/06  20:00:00,2175690.810576468,2633535.160522163 
 03/06  21:00:00,2637107.849455473,3200596.9842156656 
 03/06  22:00:00,2938574.110369225,3616026.2400238775 
 03/06  23:00:00,3209204.706423848,4007234.9703503093 
 03/06  24:00:00,3473223.8028055467,4366327.434690777 
 03/07  01:00:00,3721869.7315606177,4688637.742727108 
 03/07  02:00:00,3946434.2590107024,4985179.874527413 
 03/07  03:00:00,4036656.452981651,5155022.00977688 
 03/07  04:00:00,4176578.6918317387,5400250.79229902 
 03/07  05:00:00,4329336.390265024,5639530.139502728 
 03/07  06:00:00,4410164.787291653,5779261.543671138 
 03/07  07:00:00,4535503.747144809,5950666.00276649 
 03/07  08:00:00,4698607.87747218,6147124.8012626525 
 03/07  09:00:00,4436175.710220088,5704188.987752251 
 03/07  10:00:00,3223067.3440057756,3788491.493417189 
 03/07  11:00:00,2144360.2080096602,2176584.411252659 
 03/07  12:00:00,1427464.5899417447,1216488.447933343 
 03/07  13:00:00,939180.4989461118,554852.7266560319 
 03/07  14:00:00,673388.4937409417,193648.93261607285 
 03/07  15:00:00,822411.9514803503,553941.4424938376 
 03/07  16:00:00,1183739.7427477627,1082580.8054229994 
 03/07  17:00:00,1437518.3001166065,1452417.7369522196 
 03/07  18:00:00,1710580.925598736,1940314.8617433887 
 03/07  19:00:00,2240552.6919967644,2792133.0948279807 
 03/07  20:00:00,2770232.038908649,3479059.756733468 
 03/07  21:00:00,2934675.9688435365,3716606.764712802 
 03/07  22:00:00,3168232.3576711593,4074661.8996225903 
 03/07  23:00:00,3402067.6313359793,4401827.728692088 
 03/07  24:00:00,3532499.7964251926,4572892.864611914 
 03/08  01:00:00,3729356.2857262907,4845248.446969174 
 03/08  02:00:00,4007812.5384991397,5226214.113632425 
 03/08  03:00:00,4115122.6567693753,5374464.38936197 
 03/08  04:00:00,3948289.2504957514,5104417.184437562 
 03/08  05:00:00,3710297.6627201475,4746803.423006602 
 03/08  06:00:00,3528473.0041166935,4503565.912396903 
 03/08  07:00:00,3361306.8265143,4288450.713506571 
 03/08  08:00:00,3209691.53570816,4090919.4454179932 
 03/08  09:00:00,3045885.36267495,3867388.6241047746 
 03/08  10:00:00,2692202.1049370817,3377880.5280032996 
 03/08  11:00:00,1967801.859017468,2371219.732805969 
 03/08  12:00:00,1369057.981910117,1560367.3762700732 
 03/08  13:00:00,1003101.5381917431,1084912.5145232254 
 03/08  14:00:00,1344103.8967068861,1599502.786872466 
 03/08  15:00:00,1847270.1762691557,2327991.952682145 
 03/08  16:00:00,1081931.78127919,1263054.9071163267 
 03/08  17:00:00,1050774.748701031,1250796.9172974664 
 03/08  18:00:00,1067740.3197065033,1337945.1075177712 
 03/08  19:00:00,1209467.1245468794,1567520.3353419136 
 03/08  20:00:00,1406808.6327395614,1791833.5297266014 
 03/08  21:00:00,1499309.9146235988,1904927.3789460217 
 03/08  22:00:00,1533273.2830143308,1948278.8053700898 
 03/08  23:00:00,1559087.048002871,1979459.4011293405 
 03/08  24:00:00,1553693.919378908,1984794.603303552 
 03/09  01:00:00,1565747.9775762274,2026420.7521506916 
 03/09  02:00:00,1556896.0106915634,2037230.5265668111 
 03/09  03:00:00,1573729.3003960645,2076180.9904413475 
 03/09  04:00:00,1675764.5836191939,2220077.6089300825 
 03/09  05:00:00,1791859.346907712,2378543.7901420365 
 03/09  06:00:00,1950203.8157548527,2591538.3471003883 
 03/09  07:00:00,2110996.2479241677,2784803.0903614173 
 03/09  08:00:00,2206572.2377200266,2855865.209150564 
 03/09  09:00:00,2049152.7807888642,2620884.075842686 
 03/09  10:00:00,1257045.9294739077,1460425.6484432998 
 03/09  11:00:00,309457.8857426583,240103.213927459 
 03/09  12:00:00,0.0,0.0 
 03/09  13:00:00,0.0,0.0 
 03/09  14:00:00,0.0,0.0 
 03/09  15:00:00,0.0,0.0 
 03/09  16:00:00,0.0,0.0 
 03/09  17:00:00,0.0,0.0 
 03/09  18:00:00,0.0,0.0 
 03/09  19:00:00,0.0,0.0 
 03/09  20:00:00,0.0,0.0 
 03/09  21:00:00,0.0,0.0 
 03/09  22:00:00,151237.21682210962,48054.648926941445 
 03/09  23:00:00,377246.8369044146,346787.8985712072 
 03/09  24:00:00,531018.4127905151,581336.387978035 
 03/10  01:00:00,717430.1349370574,857958.182582602 
 03/10  02:00:00,943924.5730580741,1191474.4261288878 
 03/10  03:00:00,1124041.1393160133,1443264.8572277576 
 03/10  04:00:00,1216645.7378859255,1565321.6544110407 
 03/10  05:00:00,1198128.9015661082,1548024.0857642605 
 03/10  06:00:00,1253851.459796109,1617037.873272141 
 03/10  07:00:00,1390947.7461478456,1805712.2548407956 
 03/10  08:00:00,1549141.8508844795,2019734.5657345168 
 03/10  09:00:00,1538506.7782646602,1978420.09150612 
 03/10  10:00:00,1219701.5758257331,1488813.7965687849 
 03/10  11:00:00,1015111.6038835819,1189554.4530527915 
 03/10  12:00:00,820538.1094887075,912248.2996249287 
 03/10  13:00:00,392532.11803043593,347453.4406064595 
 03/10  14:00:00,62606.69235456117,22315.841118196113 
 03/10  15:00:00,0.0,0.0 
 03/10  16:00:00,0.0,0.0 
 03/10  17:00:00,0.0,0.0 
 03/10  18:00:00,0.0,0.0 
 03/10  19:00:00,309764.75416497013,429744.9251598584 
 03/10  20:00:00,922013.028170971,1195858.457823134 
 03/10  21:00:00,1335703.8294735276,1724619.896872832 
 03/10  22:00:00,1727593.5556683305,2183395.9993443247 
 03/10  23:00:00,1961128.277254185,2431247.767182002 
 03/10  24:00:00,2065127.1152013338,2562076.2630286925 
 03/11  01:00:00,2157217.651487236,2682729.767810923 
 03/11  02:00:00,2288935.1705828574,2850646.8996164207 
 03/11  03:00:00,2405567.8094750186,2996927.089563432 
 03/11  04:00:00,2498757.7975946916,3111132.8849765733 
 03/11  05:00:00,2564547.778453392,3192963.540434171 
 03/11  06:00:00,2598830.0760354996,3236341.6603822517 
 03/11  07:00:00,2612540.0766972173,3281514.9086480383 
 03/11  08:00:00,2626139.6212871405,3372430.5888915407 
 03/11  09:00:00,2631824.9180402537,3364777.006691158 
 03/11  10:00:00,2530145.41667732,3179578.3432470714 
 03/11  11:00:00,2369628.720764652,2934034.7659835685 
 03/11  12:00:00,2094928.741807493,2564134.466810933 
 03/11  13:00:00,1791024.1813158044,2119465.363910428 
 03/11  14:00:00,1803347.5860270257,2161048.584916418 
 03/11  15:00:00,1735668.854456788,2057396.968322299 
 03/11  16:00:00,1703007.5883991239,2016291.8456675408 
 03/11  17:00:00,1631817.8170131939,1921144.0306425963 
 03/11  18:00:00,1673807.9005116117,2029730.105971401 
 03/11  19:00:00,1795907.5697393522,2284047.964550587 
 03/11  20:00:00,1956080.2425951064,2522066.5589866205 
 03/11  21:00:00,2016506.6815222665,2603912.8770413264 
 03/11  22:00:00,2062672.78607533,2668783.055052409 
 03/11  23:00:00,2150278.2769153006,2782410.8078671796 
 03/11  24:00:00,2183739.304011833,2824081.7409418523 
 03/12  01:00:00,2185868.655280606,2820711.222678102 
 03/12  02:00:00,2225081.673226734,2893331.6767000337 
 03/12  03:00:00,2234001.5902064927,2907213.807828017 
 03/12  04:00:00,2210053.904169471,2881870.034491913 
 03/12  05:00:00,2181542.5604994143,2846456.378194521 
 03/12  06:00:00,2126861.769247099,2770752.63000778 
 03/12  07:00:00,2037122.210249781,2647146.348671085 
 03/12  08:00:00,1977651.398011114,2564656.820240725 
 03/12  09:00:00,1839643.920895069,2347000.2974100616 
 03/12  10:00:00,1290999.5780034116,1518374.874715091 
 03/12  11:00:00,631392.1476458928,582162.9429350345 
 03/12  12:00:00,91028.51059381646,22071.084322554816 
 03/12  13:00:00,0.0,0.0 
 03/12  14:00:00,0.0,0.0 
 03/12  15:00:00,0.0,0.0 
 03/12  16:00:00,0.0,0.0 
 03/12  17:00:00,0.0,0.0 
 03/12  18:00:00,0.0,0.0 
 03/12  19:00:00,0.0,0.0 
 03/12  20:00:00,0.0,0.0 
 03/12  21:00:00,347738.79398747016,195458.2507428233 
 03/12  22:00:00,684244.1196192595,678132.2172167551 
 03/12  23:00:00,856967.493091387,950095.451829445 
 03/12  24:00:00,951650.6569741658,1115046.2987777626 
 03/13  01:00:00,1042713.1006560463,1267722.866436682 
 03/13  02:00:00,1065125.8950060015,1314976.7545889139 
 03/13  03:00:00,1083333.3010994976,1350025.998992337 
 03/13  04:00:00,1183154.535489018,1483974.7298584734 
 03/13  05:00:00,1280261.9464989584,1616289.87064739 
 03/13  06:00:00,1389046.3830070407,1764063.370850803 
 03/13  07:00:00,1517783.6885623157,1933096.0309087643 
 03/13  08:00:00,1621260.6622646027,2056616.3071205218 
 03/13  09:00:00,1426440.6970852327,1754314.257371294 
 03/13  10:00:00,789987.4076580191,854590.1677585592 
 03/13  11:00:00,147872.8402011191,102643.02061332637 
 03/13  12:00:00,0.0,0.0 
 03/13  13:00:00,0.0,0.0 
 03/13  14:00:00,0.0,0.0 
 03/13  15:00:00,0.0,0.0 
 03/13  16:00:00,0.0,0.0 
 03/13  17:00:00,0.0,0.0 
 03/13  18:00:00,0.0,0.0 
 03/13  19:00:00,0.0,0.0 
 03/13  20:00:00,0.0,0.0 
 03/13  21:00:00,0.0,0.0 
 03/13  22:00:00,0.0,0.0 
 03/13  23:00:00,0.0,0.0 
 03/13  24:00:00,24000.584920644178,4436.820715961221 
 03/14  01:00:00,337281.5215342336,412705.3288609022 
 03/14  02:00:00,644849.0752295214,812572.0655869235 
 03/14  03:00:00,838142.7427959614,1074176.9447945473 
 03/14  04:00:00,1040555.621085792,1333129.474448013 
 03/14  05:00:00,1212175.8731183086,1570358.4294058247 
 03/14  06:00:00,1316042.834440017,1705211.3582958342 
 03/14  07:00:00,1403981.4253970778,1800569.6622409988 
 03/14  08:00:00,1557045.7148219678,1986093.407281922 
 03/14  09:00:00,1699556.6535474113,2160814.3611334516 
 03/14  10:00:00,1725960.0069720007,2197495.73897341 
 03/14  11:00:00,1728593.5839294912,2204009.880885765 
 03/14  12:00:00,1654826.2549707638,2083205.4471494793 
 03/14  13:00:00,678930.7207206832,663487.8391828621 
 03/14  14:00:00,450426.60722131917,361405.8983168401 
 03/14  15:00:00,402564.23189436976,287637.05884682026 
 03/14  16:00:00,176382.10815425773,60388.3034393737 
 03/14  17:00:00,0.0,0.0 
 03/14  18:00:00,0.0,0.0 
 03/14  19:00:00,622479.6364176811,970013.2578732643 
 03/14  20:00:00,1518239.6809354133,2046895.7079173364 
 03/14  21:00:00,1803729.167483579,2440691.1411969895 
 03/14  22:00:00,1970181.4887416572,2662418.405944752 
 03/14  23:00:00,2219952.961184844,2961836.0011317753 
 03/14  24:00:00,2377739.2970623933,3136633.509895134 
 03/15  01:00:00,2522922.661516293,3312714.3366717435 
 03/15  02:00:00,2725681.0599589073,3586337.372601143 
 03/15  03:00:00,2898656.8945983346,3821319.530038744 
 03/15  04:00:00,3156891.145396771,4133622.4210937247 
 03/15  05:00:00,3464571.634999844,4517452.9040697 
 03/15  06:00:00,3679426.329187292,4785677.140997779 
 03/15  07:00:00,3777068.9844531356,4872902.254783254 
 03/15  08:00:00,3789388.738166596,4830964.424800778 
 03/15  09:00:00,3326832.4456989844,4129500.5806359462 
 03/15  10:00:00,2312504.6517897886,2655082.910409541 
 03/15  11:00:00,1316415.5073480105,1269482.6325969903 
 03/15  12:00:00,689261.6156013042,421435.32947626663 
 03/15  13:00:00,298023.4686698583,4572.892050291558 
 03/15  14:00:00,15285.639181936858,0.0 
 03/15  15:00:00,0.0,0.0 
 03/15  16:00:00,0.0,0.0 
 03/15  17:00:00,0.0,0.0 
 03/15  18:00:00,0.0,0.0 
 03/15  19:00:00,371278.37957212364,423257.2530665962 
 03/15  20:00:00,1401056.0051825969,1620829.0758320764 
 03/15  21:00:00,2008946.6180860486,2439675.3471592036 
 03/15  22:00:00,2432168.434139283,3019945.4101566 
 03/15  23:00:00,2787880.1039004135,3487919.348707843 
 03/15  24:00:00,3038532.706904477,3834140.592236747 
 03/16  01:00:00,3085980.036953774,3921851.270273762 
 03/16  02:00:00,3125449.345179371,3995810.3603178686 
 03/16  03:00:00,3400091.563622276,4399038.158280917 
 03/16  04:00:00,3705387.2457444537,4819405.638255268 
 03/16  05:00:00,3911568.7499562064,5051264.308081051 
 03/16  06:00:00,4113894.0313979033,5306703.5211194595 
 03/16  07:00:00,4294863.712491345,5535340.872744973 
 03/16  08:00:00,4359413.447607393,5567756.435978322 
 03/16  09:00:00,3688563.581873458,4546510.626651903 
 03/16  10:00:00,2362318.565594787,2633226.051381856 
 03/16  11:00:00,1225721.613817534,1114676.4654591724 
 03/16  12:00:00,395548.7923647365,133798.21222816608 
 03/16  13:00:00,1188.400726018881,0.0 
 03/16  14:00:00,0.0,0.0 
 03/16  15:00:00,0.0,0.0 
 03/16  16:00:00,0.0,0.0 
 03/16  17:00:00,0.0,0.0 
 03/16  18:00:00,0.0,0.0 
 03/16  19:00:00,0.0,0.0 
 03/16  20:00:00,0.0,0.0 
 03/16  21:00:00,278396.675630394,271256.07453527994 
 03/16  22:00:00,549089.7441870904,649266.0358494918 
 03/16  23:00:00,743766.220202356,909050.2955683004 
 03/16  24:00:00,869438.2645109742,1070922.0396003032 
 03/17  01:00:00,995699.6811616585,1231678.9300491516 
 03/17  02:00:00,1171839.870774404,1465011.6047473801 
 03/17  03:00:00,1325944.4541981865,1674419.270610392 
 03/17  04:00:00,1454675.6846579963,1844916.1612259077 
 03/17  05:00:00,1562428.5067043116,1989436.970090097 
 03/17  06:00:00,1637597.6649166166,2088083.4969550672 
 03/17  07:00:00,1706058.6699122305,2176213.930679149 
 03/17  08:00:00,1734158.0931324083,2214082.085967062 
 03/17  09:00:00,1509481.972260585,1915438.9179164767 
 03/17  10:00:00,951929.0120715116,1148417.7329071602 
 03/17  11:00:00,339757.1340467279,351490.83040096815 
 03/17  12:00:00,7160.087365736399,0.0 
 03/17  13:00:00,0.0,0.0 
 03/17  14:00:00,0.0,0.0 
 03/17  15:00:00,0.0,0.0 
 03/17  16:00:00,0.0,0.0 
 03/17  17:00:00,0.0,0.0 
 03/17  18:00:00,0.0,0.0 
 03/17  19:00:00,0.0,0.0 
 03/17  20:00:00,0.0,0.0 
 03/17  21:00:00,35765.30421059797,52663.43089623915 
 03/17  22:00:00,309194.1400941018,434570.4689889259 
 03/17  23:00:00,587068.193355982,800307.6346207404 
 03/17  24:00:00,828671.0017137295,1100440.4330139696 
 03/18  01:00:00,1055859.9906696975,1387958.8486885107 
 03/18  02:00:00,1248404.3140790483,1651305.4837847333 
 03/18  03:00:00,1469707.834520069,1955353.9579338296 
 03/18  04:00:00,1711115.1725330732,2277072.932671169 
 03/18  05:00:00,1946908.3544183364,2582311.2810989134 
 03/18  06:00:00,2157040.1266952837,2863756.332769743 
 03/18  07:00:00,2321106.0286537446,3077056.407428152 
 03/18  08:00:00,2428753.127756566,3174166.6264703134 
 03/18  09:00:00,2016583.1286299662,2571017.4180158176 
 03/18  10:00:00,1124739.1476451587,1283682.495011569 
 03/18  11:00:00,306530.763254207,228443.90704351387 
 03/18  12:00:00,0.0,0.0 
 03/18  13:00:00,0.0,0.0 
 03/18  14:00:00,0.0,0.0 
 03/18  15:00:00,0.0,0.0 
 03/18  16:00:00,0.0,0.0 
 03/18  17:00:00,0.0,0.0 
 03/18  18:00:00,0.0,0.0 
 03/18  19:00:00,0.0,0.0 
 03/18  20:00:00,0.0,0.0 
 03/18  21:00:00,87179.93945233975,51740.71973942264 
 03/18  22:00:00,399380.9174408285,440761.54117846384 
 03/18  23:00:00,695310.8324017238,850888.6248854606 
 03/18  24:00:00,830171.5708897522,1046365.2185681544 
 03/19  01:00:00,976217.4573954545,1259066.3400454929 
 03/19  02:00:00,1117664.5897732168,1468242.6224044845 
 03/19  03:00:00,1239415.254369208,1629344.400005272 
 03/19  04:00:00,1402043.3049197993,1840921.8391089682 
 03/19  05:00:00,1534344.0546665508,2017665.2473579417 
 03/19  06:00:00,1599378.5745575677,2093232.3888561493 
 03/19  07:00:00,1680478.7716640548,2201069.278533242 
 03/19  08:00:00,1739869.1360192148,2273445.3804930113 
 03/19  09:00:00,1572302.373938749,1974927.0486730584 
 03/19  10:00:00,1149065.7266768706,1302260.453669713 
 03/19  11:00:00,665968.7251971986,599467.304344651 
 03/19  12:00:00,581044.7948394038,513138.12229516037 
 03/19  13:00:00,291402.43797201116,187118.4451979338 
 03/19  14:00:00,0.0,0.0 
 03/19  15:00:00,0.0,0.0 
 03/19  16:00:00,0.0,0.0 
 03/19  17:00:00,0.0,0.0 
 03/19  18:00:00,221024.72299396584,165572.048822463 
 03/19  19:00:00,720560.1064004754,761560.3660179571 
 03/19  20:00:00,1035013.149450683,1176531.939589665 
 03/19  21:00:00,1282443.1115300877,1496445.931690989 
 03/19  22:00:00,1517452.1439433265,1812890.0711571304 
 03/19  23:00:00,1667874.529896325,2082118.7978073098 
 03/19  24:00:00,1824565.1593589995,2314761.1322714533 
 03/20  01:00:00,2000150.9344642258,2580596.360190152 
 03/20  02:00:00,2167065.8384890696,2820701.1031642207 
 03/20  03:00:00,2373543.280583422,3115484.2069626143 
 03/20  04:00:00,2591697.237644663,3419153.123116079 
 03/20  05:00:00,2772769.539496579,3643598.9873099322 
 03/20  06:00:00,2926076.202398349,3829190.2070005997 
 03/20  07:00:00,3040817.129522694,3971972.309438804 
 03/20  08:00:00,3038750.355062261,3950364.9428397333 
 03/20  09:00:00,2702897.951338572,3416395.8430716028 
 03/20  10:00:00,2107998.694356836,2504852.8452019 
 03/20  11:00:00,1560569.6243155045,1723745.0717617813 
 03/20  12:00:00,1232040.6214337386,1271173.5780186858 
 03/20  13:00:00,924011.1696048857,857669.7685882705 
 03/20  14:00:00,537030.2303427554,352473.6795065437 
 03/20  15:00:00,411333.73231548397,210873.14836599326 
 03/20  16:00:00,196411.8857587215,15808.551549647382 
 03/20  17:00:00,0.0,0.0 
 03/20  18:00:00,0.0,0.0 
 03/20  19:00:00,296728.70590668824,380293.30482363584 
 03/20  20:00:00,1287072.792166249,1654207.6488852212 
 03/20  21:00:00,1937157.948612144,2457948.911913164 
 03/20  22:00:00,2221102.44752044,2818244.8967773537 
 03/20  23:00:00,2349098.529096543,2993359.1447483785 
 03/20  24:00:00,2522682.1961627244,3228855.169467608 
 03/21  01:00:00,2739552.7850006125,3531421.890842845 
 03/21  02:00:00,2990366.6732549435,3842354.4908272084 
 03/21  03:00:00,3201765.3654210554,4087814.9355509495 
 03/21  04:00:00,3370147.0989081794,4299951.069875414 
 03/21  05:00:00,3559294.4973289543,4558785.019109879 
 03/21  06:00:00,3688886.0009895954,4741001.795933961 
 03/21  07:00:00,3765139.259937665,4842994.252122349 
 03/21  08:00:00,3738401.6269207615,4753249.016198112 
 03/21  09:00:00,3009053.3452725634,3649166.5385566154 
 03/21  10:00:00,1851207.7956709354,1962277.4057383335 
 03/21  11:00:00,870981.7478476799,637994.6464144094 
 03/21  12:00:00,127406.44030757976,0.0 
 03/21  13:00:00,0.0,0.0 
 03/21  14:00:00,0.0,0.0 
 03/21  15:00:00,0.0,0.0 
 03/21  16:00:00,0.0,0.0 
 03/21  17:00:00,0.0,0.0 
 03/21  18:00:00,0.0,0.0 
 03/21  19:00:00,0.0,0.0 
 03/21  20:00:00,0.0,0.0 
 03/21  21:00:00,21181.196747090144,0.0 
 03/21  22:00:00,296501.1367976615,93562.95632174224 
 03/21  23:00:00,579509.0528462984,596453.7512022622 
 03/21  24:00:00,1037411.335456351,1261667.7617699467 
 03/22  01:00:00,1480589.685207451,1887685.5914709528 
 03/22  02:00:00,1809863.052524121,2377473.2411733894 
 03/22  03:00:00,2191380.8814368336,2912561.5270742164 
 03/22  04:00:00,2613950.0142539493,3479475.907962198 
 03/22  05:00:00,2939672.9901011395,3901501.3113897005 
 03/22  06:00:00,3180170.1416079383,4221563.022826431 
 03/22  07:00:00,3366015.127770164,4476883.074993309 
 03/22  08:00:00,3314314.898231802,4365321.122070381 
 03/22  09:00:00,2389000.208718636,2934249.4165686965 
 03/22  10:00:00,1237726.0653771162,1209258.7756432267 
 03/22  11:00:00,258831.55799186823,95924.5567046215 
 03/22  12:00:00,0.0,0.0 
 03/22  13:00:00,0.0,0.0 
 03/22  14:00:00,0.0,0.0 
 03/22  15:00:00,0.0,0.0 
 03/22  16:00:00,0.0,0.0 
 03/22  17:00:00,0.0,0.0 
 03/22  18:00:00,0.0,0.0 
 03/22  19:00:00,0.0,0.0 
 03/22  20:00:00,0.0,0.0 
 03/22  21:00:00,0.0,0.0 
 03/22  22:00:00,0.0,0.0 
 03/22  23:00:00,0.0,0.0 
 03/22  24:00:00,0.0,0.0 
 03/23  01:00:00,0.0,0.0 
 03/23  02:00:00,0.0,0.0 
 03/23  03:00:00,0.0,0.0 
 03/23  04:00:00,0.0,0.0 
 03/23  05:00:00,0.0,0.0 
 03/23  06:00:00,100159.52141981761,37799.05314964345 
 03/23  07:00:00,286426.6130501586,270126.64767889294 
 03/23  08:00:00,443068.17098798056,484081.39646052517 
 03/23  09:00:00,402903.77955368167,418601.16234367446 
 03/23  10:00:00,88047.65684272279,41279.984070277715 
 03/23  11:00:00,0.0,0.0 
 03/23  12:00:00,0.0,0.0 
 03/23  13:00:00,0.0,0.0 
 03/23  14:00:00,0.0,0.0 
 03/23  15:00:00,0.0,0.0 
 03/23  16:00:00,0.0,0.0 
 03/23  17:00:00,0.0,0.0 
 03/23  18:00:00,0.0,0.0 
 03/23  19:00:00,0.0,0.0 
 03/23  20:00:00,0.0,0.0 
 03/23  21:00:00,0.0,0.0 
 03/23  22:00:00,0.0,0.0 
 03/23  23:00:00,0.0,0.0 
 03/23  24:00:00,0.0,0.0 
 03/24  01:00:00,117974.68011321763,65323.37101903686 
 03/24  02:00:00,252262.14498456975,260138.63805837976 
 03/24  03:00:00,424678.75683699176,492234.6181507688 
 03/24  04:00:00,707568.4348504271,863499.1580264068 
 03/24  05:00:00,856792.0009696579,1052380.87349165 
 03/24  06:00:00,924235.4522298607,1142668.0141198246 
 03/24  07:00:00,981443.9713893831,1225316.934794344 
 03/24  08:00:00,1025714.6503284072,1283679.4076640483 
 03/24  09:00:00,965518.6487646425,1184231.6873272737 
 03/24  10:00:00,685284.2375328613,760088.896928299 
 03/24  11:00:00,462019.6993793623,454366.7957884005 
 03/24  12:00:00,48962.59556330333,20550.876388659166 
 03/24  13:00:00,0.0,0.0 
 03/24  14:00:00,220018.25998284845,197202.3610429409 
 03/24  15:00:00,619784.6075553528,725777.7175288051 
 03/24  16:00:00,737799.2608796166,866058.129434209 
 03/24  17:00:00,824896.4872398006,980165.2194289789 
 03/24  18:00:00,871412.1560047715,1050403.2883206892 
 03/24  19:00:00,954577.8538810172,1185845.1055010657 
 03/24  20:00:00,1183563.3902078394,1592646.4168448623 
 03/24  21:00:00,1452362.1792092936,1946326.9232244152 
 03/24  22:00:00,1639425.9376761299,2209850.3459647293 
 03/24  23:00:00,1722390.0785507227,2317684.4813902886 
 03/24  24:00:00,1893355.4022496506,2545178.3270715973 
 03/25  01:00:00,2081456.2705086402,2788977.3170958916 
 03/25  02:00:00,2234250.8741710293,2984179.935329613 
 03/25  03:00:00,2384058.784429941,3186325.08381804 
 03/25  04:00:00,2507217.103050365,3357795.2278456674 
 03/25  05:00:00,2526816.2825440443,3398429.4589984827 
 03/25  06:00:00,2526462.7374625094,3401053.2614710215 
 03/25  07:00:00,2597184.300037879,3461272.4014373138 
 03/25  08:00:00,2499288.3964473195,3240372.6799771814 
 03/25  09:00:00,1971987.2791290581,2429647.751505109 
 03/25  10:00:00,1346862.7957487472,1543232.4111943438 
 03/25  11:00:00,685267.4480877955,642213.2668864062 
 03/25  12:00:00,100529.63664716881,26956.998176827983 
 03/25  13:00:00,0.0,0.0 
 03/25  14:00:00,0.0,0.0 
 03/25  15:00:00,0.0,0.0 
 03/25  16:00:00,0.0,0.0 
 03/25  17:00:00,0.0,0.0 
 03/25  18:00:00,0.0,0.0 
 03/25  19:00:00,0.0,0.0 
 03/25  20:00:00,141620.67479259495,78059.31325458077 
 03/25  21:00:00,563873.9872109843,566530.6165837966 
 03/25  22:00:00,901185.4346889901,1031603.9395349674 
 03/25  23:00:00,1198837.1779965055,1437156.065038999 
 03/25  24:00:00,1313659.4129382255,1597635.0439189454 
 03/26  01:00:00,1393186.4384132205,1730846.156547017 
 03/26  02:00:00,1488371.6927826381,1862452.7267514626 
 03/26  03:00:00,1561490.6686482043,1965549.4323078631 
 03/26  04:00:00,1564213.3159459373,1970369.3879716636 
 03/26  05:00:00,1491931.098830265,1878248.8710858151 
 03/26  06:00:00,1508189.5421860488,1920831.668481231 
 03/26  07:00:00,1587489.392424957,2030137.3333332052 
 03/26  08:00:00,1606905.5034509678,2040937.3488259306 
 03/26  09:00:00,1574115.3938196045,1990500.6604480175 
 03/26  10:00:00,1415660.4153534493,1766473.1201996892 
 03/26  11:00:00,944179.9687877321,1075731.0089585467 
 03/26  12:00:00,337965.81700206734,241641.53860949443 
 03/26  13:00:00,4949.719374814958,0.0 
 03/26  14:00:00,0.0,0.0 
 03/26  15:00:00,0.0,0.0 
 03/26  16:00:00,0.0,0.0 
 03/26  17:00:00,0.0,0.0 
 03/26  18:00:00,0.0,0.0 
 03/26  19:00:00,0.0,0.0 
 03/26  20:00:00,589223.5169272452,517853.02908583905 
 03/26  21:00:00,1198998.7102461215,1318364.9519952547 
 03/26  22:00:00,1459449.8309504162,1669513.1794227143 
 03/26  23:00:00,1622226.1896113837,1903700.6230359925 
 03/26  24:00:00,1873074.7040675515,2220467.476364311 
 03/27  01:00:00,2105178.6998213017,2523023.238951017 
 03/27  02:00:00,2139553.793057627,2628916.949255305 
 03/27  03:00:00,2133462.2911708825,2649905.098114144 
 03/27  04:00:00,2212626.629680854,2777355.8576983516 
 03/27  05:00:00,2283921.030387409,2876082.766535174 
 03/27  06:00:00,2313184.668092441,2900084.5279237824 
 03/27  07:00:00,2351470.1798921623,2949015.9798968597 
 03/27  08:00:00,2391794.2658822504,2999151.865267603 
 03/27  09:00:00,2343610.898527587,2927747.7124919607 
 03/27  10:00:00,2225081.684050718,2743609.744792183 
 03/27  11:00:00,1788309.017436672,2064921.1652359695 
 03/27  12:00:00,1327565.385156951,1335331.9588343212 
 03/27  13:00:00,1009534.7891390906,867536.7213106409 
 03/27  14:00:00,826568.2993353978,591722.3188437929 
 03/27  15:00:00,698121.7515493255,465634.4408946185 
 03/27  16:00:00,619628.2350140711,473125.82276676036 
 03/27  17:00:00,751354.6738735684,729119.7524513323 
 03/27  18:00:00,785745.3926950234,912564.1008472099 
 03/27  19:00:00,1061130.7774088979,1412842.6754136796 
 03/27  20:00:00,2102245.98459022,2668678.258981573 
 03/27  21:00:00,2315772.5321368575,2988591.569526404 
 03/27  22:00:00,2550047.0531986896,3334190.161035654 
 03/27  23:00:00,2868929.252751754,3757311.632093385 
 03/27  24:00:00,3195133.4495974863,4158935.009414131 
 03/28  01:00:00,3424100.831034738,4471755.568457338 
 03/28  02:00:00,3614290.5530516338,4745036.423448209 
 03/28  03:00:00,3878563.2528393064,5081884.885243209 
 03/28  04:00:00,4106521.205708256,5371490.74108092 
 03/28  05:00:00,4242251.532184057,5544881.4208769845 
 03/28  06:00:00,4391563.79619905,5732290.257056926 
 03/28  07:00:00,4494468.157776392,5820550.257025223 
 03/28  08:00:00,4319111.608430803,5503321.347605176 
 03/28  09:00:00,3225600.4089997546,3878828.711248186 
 03/28  10:00:00,2211434.1266872184,2304950.87328249 
 03/28  11:00:00,1392374.6926103602,1151369.0354641948 
 03/28  12:00:00,626575.8328939069,135787.73250938396 
 03/28  13:00:00,85102.51384215735,0.0 
 03/28  14:00:00,0.0,0.0 
 03/28  15:00:00,0.0,0.0 
 03/28  16:00:00,0.0,0.0 
 03/28  17:00:00,0.0,0.0 
 03/28  18:00:00,0.0,0.0 
 03/28  19:00:00,0.0,0.0 
 03/28  20:00:00,527881.9707900977,180888.55992543758 
 03/28  21:00:00,1049551.5925645975,900754.7133266169 
 03/28  22:00:00,1201096.488057822,1198513.0197964208 
 03/28  23:00:00,1191965.9666957152,1271444.3594568244 
 03/28  24:00:00,1178916.320663805,1316782.039726036 
 03/29  01:00:00,1229667.3340824018,1403607.2490381594 
 03/29  02:00:00,1330820.0668559016,1549429.7120617158 
 03/29  03:00:00,1454576.873627824,1732374.4489257939 
 03/29  04:00:00,1579264.6635763906,1915419.997813927 
 03/29  05:00:00,1685890.4007500424,2073795.533132901 
 03/29  06:00:00,1799877.1272772865,2236238.1048956844 
 03/29  07:00:00,1885479.188648985,2355417.9450870333 
 03/29  08:00:00,1894099.8549974444,2350831.610526948 
 03/29  09:00:00,1571316.5561280563,1859480.4587224752 
 03/29  10:00:00,948507.6727657274,959289.2151733331 
 03/29  11:00:00,209317.28278170413,93679.62493304804 
 03/29  12:00:00,0.0,0.0 
 03/29  13:00:00,0.0,0.0 
 03/29  14:00:00,0.0,0.0 
 03/29  15:00:00,0.0,0.0 
 03/29  16:00:00,0.0,0.0 
 03/29  17:00:00,0.0,0.0 
 03/29  18:00:00,0.0,0.0 
 03/29  19:00:00,0.0,0.0 
 03/29  20:00:00,0.0,0.0 
 03/29  21:00:00,0.0,0.0 
 03/29  22:00:00,0.0,0.0 
 03/29  23:00:00,0.0,0.0 
 03/29  24:00:00,0.0,0.0 
 03/30  01:00:00,0.0,0.0 
 03/30  02:00:00,0.0,0.0 
 03/30  03:00:00,0.0,0.0 
 03/30  04:00:00,0.0,0.0 
 03/30  05:00:00,0.0,0.0 
 03/30  06:00:00,119601.42930531147,76840.59754563423 
 03/30  07:00:00,297442.8966554915,322739.14290522225 
 03/30  08:00:00,414186.94179637096,473948.2346425284 
 03/30  09:00:00,260960.8610897645,268517.3053859264 
 03/30  10:00:00,1476.5170489848972,0.0 
 03/30  11:00:00,0.0,0.0 
 03/30  12:00:00,0.0,0.0 
 03/30  13:00:00,0.0,0.0 
 03/30  14:00:00,0.0,0.0 
 03/30  15:00:00,0.0,0.0 
 03/30  16:00:00,0.0,0.0 
 03/30  17:00:00,0.0,0.0 
 03/30  18:00:00,0.0,0.0 
 03/30  19:00:00,0.0,0.0 
 03/30  20:00:00,0.0,0.0 
 03/30  21:00:00,0.0,0.0 
 03/30  22:00:00,0.0,0.0 
 03/30  23:00:00,0.0,0.0 
 03/30  24:00:00,0.0,0.0 
 03/31  01:00:00,0.0,0.0 
 03/31  02:00:00,0.0,0.0 
 03/31  03:00:00,0.0,0.0 
 03/31  04:00:00,14531.4778241991,11143.708157729998 
 03/31  05:00:00,146047.6859614857,202293.37637503777 
 03/31  06:00:00,288463.5542553341,416890.6340680485 
 03/31  07:00:00,409370.6706240715,576302.9567095008 
 03/31  08:00:00,485933.57999758306,647270.8021469546 
 03/31  09:00:00,332327.7032015656,391929.34643119376 
 03/31  10:00:00,56051.85112456929,40960.58170976067 
 03/31  11:00:00,0.0,0.0 
 03/31  12:00:00,0.0,0.0 
 03/31  13:00:00,0.0,0.0 
 03/31  14:00:00,0.0,0.0 
 03/31  15:00:00,0.0,0.0 
 03/31  16:00:00,0.0,0.0 
 03/31  17:00:00,0.0,0.0 
 03/31  18:00:00,0.0,0.0 
 03/31  19:00:00,0.0,0.0 
 03/31  20:00:00,0.0,0.0 
 03/31  21:00:00,71398.78005889332,39487.31990235974 
 03/31  22:00:00,368924.76333012746,445782.91691057023 
 03/31  23:00:00,649201.4157276571,862718.4187287785 
 03/31  24:00:00,906334.5670412375,1196042.4695061324 
 04/01  01:00:00,1081112.6965589633,1448631.8238275736 
 04/01  02:00:00,1217072.2047334756,1676853.5956416952 
 04/01  03:00:00,1359383.6060174378,1870380.6617600517 
 04/01  04:00:00,1524834.344954926,2040137.7856284324 
 04/01  05:00:00,1682284.8604822597,2214227.944830126 
 04/01  06:00:00,1732432.2886927435,2270862.151037646 
 04/01  07:00:00,1860804.5481161333,2450705.4874520227 
 04/01  08:00:00,1917848.8002004565,2516327.8583104718 
 04/01  09:00:00,1561905.2770402543,1958707.7533449472 
 04/01  10:00:00,1063781.4947772508,1208034.4170829845 
 04/01  11:00:00,625167.3418731036,570513.5787419622 
 04/01  12:00:00,312370.6876052194,151069.65401423004 
 04/01  13:00:00,142307.88731219,0.0 
 04/01  14:00:00,88077.75415750768,0.0 
 04/01  15:00:00,132191.72670586087,38911.466457740244 
 04/01  16:00:00,516970.51008104614,628184.5443018727 
 04/01  17:00:00,530486.2522516724,541453.6100769164 
 04/01  18:00:00,466178.0328664507,413352.99510395277 
 04/01  19:00:00,371442.8959821599,471051.3788600431 
 04/01  20:00:00,1419922.8080979232,1787743.08991817 
 04/01  21:00:00,1728728.887636024,2174591.732145916 
 04/01  22:00:00,1839145.4751004155,2304646.9183821506 
 04/01  23:00:00,1903878.4959256547,2391929.6806080504 
 04/01  24:00:00,2046603.296069173,2598797.3959433367 
 04/02  01:00:00,2213785.9132775515,2830674.6867067595 
 04/02  02:00:00,2322519.750404073,2995719.005071965 
 04/02  03:00:00,2420291.8529554214,3142623.6618653247 
 04/02  04:00:00,2511082.6438699267,3251574.343728153 
 04/02  05:00:00,2495321.4132661773,3221250.423089288 
 04/02  06:00:00,2427306.2166078957,3118742.188352406 
 04/02  07:00:00,2414908.9885878046,3104421.425828086 
 04/02  08:00:00,2354409.330573851,3013434.2867797078 
 04/02  09:00:00,2204891.3078680625,2774797.0211599357 
 04/02  10:00:00,1983208.780517241,2441683.2134156716 
 04/02  11:00:00,1772549.5892368965,2132761.527261433 
 04/02  12:00:00,1600143.7104668608,1845439.5489871853 
 04/02  13:00:00,1255741.4624312515,1292651.1342332682 
 04/02  14:00:00,1172707.129596828,1212064.9755592349 
 04/02  15:00:00,1109106.130110647,1151590.6108147372 
 04/02  16:00:00,1186955.2939206406,1291349.6961880492 
 04/02  17:00:00,1214488.784672263,1348944.4711718236 
 04/02  18:00:00,1499441.6163699157,1779227.0359744437 
 04/02  19:00:00,1683884.4006061023,2065503.1031784327 
 04/02  20:00:00,1964704.5924031679,2443903.9584385115 
 04/02  21:00:00,2074528.9676604166,2588407.390546049 
 04/02  22:00:00,2168953.448994716,2712841.3341379855 
 04/02  23:00:00,2237768.925718174,2804969.2146679247 
 04/02  24:00:00,2274205.9021120886,2857905.308260399 
 04/03  01:00:00,2308600.296189161,2906149.725398047 
 04/03  02:00:00,2347675.5000712136,2957362.56880053 
 04/03  03:00:00,2373076.99050106,2990960.1821203907 
 04/03  04:00:00,2398070.7292272067,3022392.034395349 
 04/03  05:00:00,2397236.9850007333,3023540.863926019 
 04/03  06:00:00,2389053.1642469666,3015947.441156032 
 04/03  07:00:00,2405090.384000735,3036545.44585901 
 04/03  08:00:00,2402061.017305077,3022751.5692181606 
 04/03  09:00:00,2280100.6521442463,2830776.071254369 
 04/03  10:00:00,2010631.907485726,2421117.8533334956 
 04/03  11:00:00,1574623.9203105944,1768581.5337261134 
 04/03  12:00:00,1172611.2147070745,1198300.8408955291 
 04/03  13:00:00,903188.3876232724,838649.7847906154 
 04/03  14:00:00,633192.1573512701,472663.26895639434 
 04/03  15:00:00,417677.8234828017,204870.23539175498 
 04/03  16:00:00,112072.4189205761,0.0 
 04/03  17:00:00,0.0,0.0 
 04/03  18:00:00,1659.956879530364,48244.617027355715 
 04/03  19:00:00,419869.8746711805,634376.0180383192 
 04/03  20:00:00,1659827.1440730852,2123490.1391906072 
 04/03  21:00:00,1955638.3263613246,2504061.4150071545 
 04/03  22:00:00,2159389.764773022,2774050.3058830085 
 04/03  23:00:00,2361921.433864799,3042681.779515789 
 04/03  24:00:00,2601838.8883127626,3361679.621908539 
 04/04  01:00:00,2828178.8591766544,3659670.177726519 
 04/04  02:00:00,3047898.962625224,3938733.320442025 
 04/04  03:00:00,3245329.4000726617,4192133.1594403107 
 04/04  04:00:00,3435706.5880598486,4436281.3392086085 
 04/04  05:00:00,3638969.347625853,4695280.513772989 
 04/04  06:00:00,3839425.827526727,4949820.239903156 
 04/04  07:00:00,3997852.96798512,5141995.475693878 
 04/04  08:00:00,3823266.166911783,4886031.707101751 
 04/04  09:00:00,2972726.15601692,3693723.631292608 
 04/04  10:00:00,2298856.1710550333,2594006.0029106494 
 04/04  11:00:00,1687773.5859420502,1677465.9524564864 
 04/04  12:00:00,1069389.2714857198,829533.2436765239 
 04/04  13:00:00,596171.1474293945,141831.5433072683 
 04/04  14:00:00,320383.6229144654,0.0 
 04/04  15:00:00,75581.42720544057,0.0 
 04/04  16:00:00,0.0,0.0 
 04/04  17:00:00,0.0,0.0 
 04/04  18:00:00,0.0,0.0 
 04/04  19:00:00,0.0,0.0 
 04/04  20:00:00,1190322.5600625556,1415381.6897011288 
 04/04  21:00:00,1651415.371165954,2032735.0324815311 
 04/04  22:00:00,2003276.7886795662,2494038.3707538834 
 04/04  23:00:00,2286247.651893018,2872411.0091093997 
 04/04  24:00:00,2546799.6155588343,3225839.591002973 
 04/05  01:00:00,2836841.6569576925,3616634.2395546655 
 04/05  02:00:00,3135549.6158434544,4018407.4151445455 
 04/05  03:00:00,3382502.867136472,4353888.668304609 
 04/05  04:00:00,3593977.54800076,4641266.982425871 
 04/05  05:00:00,3743951.652629257,4823544.450414139 
 04/05  06:00:00,3896411.652299217,4985655.574172172 
 04/05  07:00:00,4054276.7836795384,5189532.931767276 
 04/05  08:00:00,3878046.6503760912,4960716.281585196 
 04/05  09:00:00,2805950.483424577,3412247.101049567 
 04/05  10:00:00,1995361.4047973903,2103044.052225685 
 04/05  11:00:00,1287873.1219665627,1098879.7973619555 
 04/05  12:00:00,665599.1921712602,233516.20192076516 
 04/05  13:00:00,231931.75453191434,0.0 
 04/05  14:00:00,13005.54085026015,0.0 
 04/05  15:00:00,0.0,0.0 
 04/05  16:00:00,0.0,0.0 
 04/05  17:00:00,0.0,0.0 
 04/05  18:00:00,0.0,0.0 
 04/05  19:00:00,0.0,0.0 
 04/05  20:00:00,762201.442966224,734679.1434849111 
 04/05  21:00:00,1475450.9359061485,1736352.1173687987 
 04/05  22:00:00,2069353.5609139823,2544598.554603872 
 04/05  23:00:00,2522862.425320988,3165677.5905221244 
 04/05  24:00:00,2884637.8523151376,3630148.9938298673 
 04/06  01:00:00,3218633.4600096485,4054551.304240434 
 04/06  02:00:00,3364966.943526077,4249195.425010683 
 04/06  03:00:00,3521082.5909245973,4468016.233424572 
 04/06  04:00:00,3771108.997097589,4820069.32964012 
 04/06  05:00:00,3932479.0373534746,5035732.274326397 
 04/06  06:00:00,4071625.452304934,5191165.629110484 
 04/06  07:00:00,4153795.166764297,5279009.657659958 
 04/06  08:00:00,3847002.8817644604,4807348.796485558 
 04/06  09:00:00,2987728.401889174,3542773.1256761733 
 04/06  10:00:00,1969637.653755644,2087526.5848456777 
 04/06  11:00:00,856246.5165936643,543283.3304367334 
 04/06  12:00:00,194908.5646223495,0.0 
 04/06  13:00:00,0.0,0.0 
 04/06  14:00:00,0.0,0.0 
 04/06  15:00:00,0.0,0.0 
 04/06  16:00:00,0.0,0.0 
 04/06  17:00:00,0.0,0.0 
 04/06  18:00:00,0.0,0.0 
 04/06  19:00:00,0.0,0.0 
 04/06  20:00:00,65608.99819809274,0.0 
 04/06  21:00:00,377588.52476004616,188616.34621977792 
 04/06  22:00:00,741988.4106417544,783372.8541665099 
 04/06  23:00:00,1260983.7523133291,1552284.9647624637 
 04/06  24:00:00,1459348.078853317,1884868.5705769858 
 04/07  01:00:00,1607161.0636188565,2096128.639469135 
 04/07  02:00:00,1876079.1358228074,2445615.451438357 
 04/07  03:00:00,2189723.725774828,2878205.094970843 
 04/07  04:00:00,2571726.2782570864,3374912.8317114855 
 04/07  05:00:00,2888429.956243761,3786207.6275436813 
 04/07  06:00:00,2932252.225967887,3839177.3347266065 
 04/07  07:00:00,2894289.689695075,3764705.0792430444 
 04/07  08:00:00,2804112.6311522126,3600255.831919199 
 04/07  09:00:00,2157743.934117744,2613742.970787058 
 04/07  10:00:00,1423930.3962886704,1488285.8840546522 
 04/07  11:00:00,762292.8770835708,547219.6844293802 
 04/07  12:00:00,211763.67137039523,14074.001783126732 
 04/07  13:00:00,0.0,0.0 
 04/07  14:00:00,0.0,0.0 
 04/07  15:00:00,0.0,0.0 
 04/07  16:00:00,0.0,0.0 
 04/07  17:00:00,816713.944530482,523875.9520553111 
 04/07  18:00:00,162145.81438766912,158065.52563998048 
 04/07  19:00:00,8616.461771409378,0.0 
 04/07  20:00:00,1145787.732322374,1319100.2151292216 
 04/07  21:00:00,1601903.7046518177,1960514.0493875209 
 04/07  22:00:00,2007552.1120079015,2509626.8452580203 
 04/07  23:00:00,2252571.149387823,2855356.1430706154 
 04/07  24:00:00,2457135.282561008,3142874.028523367 
 04/08  01:00:00,2691569.0833982807,3458039.703020517 
 04/08  02:00:00,2917233.6627835636,3768988.028919396 
 04/08  03:00:00,3133611.5569429435,4060839.8293229267 
 04/08  04:00:00,3302816.5250028865,4288967.471863586 
 04/08  05:00:00,3443510.940728373,4484634.900724474 
 04/08  06:00:00,3550620.4996404313,4639622.219958744 
 04/08  07:00:00,3599209.049757935,4697504.225484417 
 04/08  08:00:00,3289242.8514822405,4239964.838524574 
 04/08  09:00:00,2277964.04183617,2753435.2153072506 
 04/08  10:00:00,1460424.848773684,1484419.858656281 
 04/08  11:00:00,712551.3935410272,462642.23299955705 
 04/08  12:00:00,111466.94453876189,0.0 
 04/08  13:00:00,0.0,0.0 
 04/08  14:00:00,0.0,0.0 
 04/08  15:00:00,0.0,0.0 
 04/08  16:00:00,0.0,0.0 
 04/08  17:00:00,0.0,0.0 
 04/08  18:00:00,0.0,0.0 
 04/08  19:00:00,0.0,0.0 
 04/08  20:00:00,0.0,0.0 
 04/08  21:00:00,333165.90648087004,195205.1075763076 
 04/08  22:00:00,780696.1542931851,841721.0363060839 
 04/08  23:00:00,1159176.0886299643,1392553.2153827823 
 04/08  24:00:00,1468956.058782653,1841591.008854317 
 04/09  01:00:00,1804839.7943678496,2311393.288249959 
 04/09  02:00:00,2190726.2020016415,2815979.4178666444 
 04/09  03:00:00,2533129.0613475717,3269290.3913625902 
 04/09  04:00:00,2733077.54604129,3544771.65881577 
 04/09  05:00:00,2881153.5458880127,3745050.659525184 
 04/09  06:00:00,3119509.4996123756,4066655.0408481825 
 04/09  07:00:00,3320332.6394848926,4327178.568711111 
 04/09  08:00:00,2972858.4128078595,3797324.63498208 
 04/09  09:00:00,1789518.6229307605,2027543.726764772 
 04/09  10:00:00,936389.018753077,749430.8950552586 
 04/09  11:00:00,284756.6875686811,28655.805981541198 
 04/09  12:00:00,0.0,0.0 
 04/09  13:00:00,0.0,0.0 
 04/09  14:00:00,0.0,0.0 
 04/09  15:00:00,0.0,0.0 
 04/09  16:00:00,0.0,0.0 
 04/09  17:00:00,0.0,0.0 
 04/09  18:00:00,0.0,0.0 
 04/09  19:00:00,0.0,0.0 
 04/09  20:00:00,0.0,0.0 
 04/09  21:00:00,0.0,0.0 
 04/09  22:00:00,394939.524634002,107304.48771244775 
 04/09  23:00:00,898893.1911650128,784551.1909280911 
 04/09  24:00:00,1022731.5253989595,1077388.6202819145 
 04/10  01:00:00,1240748.75031857,1405038.0366993616 
 04/10  02:00:00,1624786.4226954733,1920481.2852457887 
 04/10  03:00:00,1987816.203256091,2424868.0780760837 
 04/10  04:00:00,2304326.3896155283,2841316.9657061757 
 04/10  05:00:00,2572495.81656553,3194753.4899583394 
 04/10  06:00:00,2811148.643883897,3515332.3143124096 
 04/10  07:00:00,2962123.516153928,3710829.0943955225 
 04/10  08:00:00,2629150.0728602465,3197611.982286899 
 04/10  09:00:00,1516574.339154968,1614899.7954076251 
 04/10  10:00:00,569335.6681730514,326006.572978299 
 04/10  11:00:00,19206.245654505623,0.0 
 04/10  12:00:00,0.0,0.0 
 04/10  13:00:00,0.0,0.0 
 04/10  14:00:00,0.0,0.0 
 04/10  15:00:00,0.0,0.0 
 04/10  16:00:00,0.0,0.0 
 04/10  17:00:00,0.0,0.0 
 04/10  18:00:00,0.0,0.0 
 04/10  19:00:00,0.0,0.0 
 04/10  20:00:00,0.0,0.0 
 04/10  21:00:00,0.0,0.0 
 04/10  22:00:00,0.0,0.0 
 04/10  23:00:00,0.0,0.0 
 04/10  24:00:00,7405.071717513056,0.0 
 04/11  01:00:00,114198.49003922354,0.0 
 04/11  02:00:00,284203.81549627637,72249.9437802624 
 04/11  03:00:00,470134.80959834054,369929.0973841656 
 04/11  04:00:00,643372.5275989738,644291.8487685885 
 04/11  05:00:00,816468.1202586456,912999.0365545456 
 04/11  06:00:00,994150.0158213757,1169172.2967532987 
 04/11  07:00:00,1200667.7988991337,1429278.575269285 
 04/11  08:00:00,1244432.7050338471,1466873.9313960331 
 04/11  09:00:00,1063175.4006666052,1191559.58589742 
 04/11  10:00:00,840940.1786871271,845677.8522954468 
 04/11  11:00:00,622154.7285907139,525496.854810309 
 04/11  12:00:00,355163.27225950017,194174.6160855051 
 04/11  13:00:00,24814.127696767904,0.0 
 04/11  14:00:00,0.0,0.0 
 04/11  15:00:00,0.0,0.0 
 04/11  16:00:00,0.0,0.0 
 04/11  17:00:00,0.0,0.0 
 04/11  18:00:00,0.0,0.0 
 04/11  19:00:00,0.0,0.0 
 04/11  20:00:00,0.0,0.0 
 04/11  21:00:00,356480.69070075656,111680.08004811492 
 04/11  22:00:00,699841.7437691722,603683.6710559598 
 04/11  23:00:00,950098.5817259927,985158.4395361672 
 04/11  24:00:00,1137703.8966800466,1282432.639009427 
 04/12  01:00:00,1259301.0866177203,1479053.6795593924 
 04/12  02:00:00,1311224.7674368802,1559015.0473188253 
 04/12  03:00:00,1372965.286172979,1653769.8928120476 
 04/12  04:00:00,1449275.2887404417,1769664.2828263978 
 04/12  05:00:00,1511713.5222548735,1872003.4559869098 
 04/12  06:00:00,1565771.2163042459,1960706.7368007977 
 04/12  07:00:00,1580237.4413948143,1991654.764158395 
 04/12  08:00:00,1485982.5040202711,1849549.3003619718 
 04/12  09:00:00,1296333.88454659,1559341.3832450507 
 04/12  10:00:00,1211611.9439889335,1454279.925311949 
 04/12  11:00:00,935541.5456347693,1070292.5853359369 
 04/12  12:00:00,636765.2703363573,657563.0653356115 
 04/12  13:00:00,408540.9652786482,360834.33971294947 
 04/12  14:00:00,356762.95907322277,315627.0399052992 
 04/12  15:00:00,293111.35265751585,198576.73680408296 
 04/12  16:00:00,446354.0396785975,396867.13752076984 
 04/12  17:00:00,976563.7583586156,1200012.6220348475 
 04/12  18:00:00,961538.0644085206,1154170.7790813074 
 04/12  19:00:00,875838.7435408208,1053152.0015870505 
 04/12  20:00:00,1194303.7868393913,1507141.24872216 
 04/12  21:00:00,1487117.7096010577,1911115.8197569114 
 04/12  22:00:00,1812945.7927384984,2369904.59506366 
 04/12  23:00:00,2171758.1844710717,2853150.8745804983 
 04/12  24:00:00,2372412.2837707098,3123851.232020386 
 04/13  01:00:00,2567711.141584609,3381644.091950845 
 04/13  02:00:00,2843914.130319783,3730315.437816202 
 04/13  03:00:00,3050043.1994080297,3987224.3063641796 
 04/13  04:00:00,3240945.798104372,4217446.486145296 
 04/13  05:00:00,3448369.855725608,4484524.181566412 
 04/13  06:00:00,3524007.0596139864,4602255.376615375 
 04/13  07:00:00,3448464.4666756466,4500408.475244876 
 04/13  08:00:00,2961491.6334893005,3771617.6018754547 
 04/13  09:00:00,1954820.480225491,2226154.7168005756 
 04/13  10:00:00,1286794.758500732,1194488.3542044277 
 04/13  11:00:00,894878.3014856976,667264.3334833708 
 04/13  12:00:00,480211.8618448505,70002.09531781002 
 04/13  13:00:00,172738.88244954945,0.0 
 04/13  14:00:00,6867.296186776366,0.0 
 04/13  15:00:00,0.0,0.0 
 04/13  16:00:00,0.0,0.0 
 04/13  17:00:00,0.0,0.0 
 04/13  18:00:00,0.0,0.0 
 04/13  19:00:00,0.0,0.0 
 04/13  20:00:00,914951.4682714012,780032.5513844509 
 04/13  21:00:00,1581776.0752286906,1754547.7656865134 
 04/13  22:00:00,1951623.8481477376,2294566.2312282375 
 04/13  23:00:00,2087941.480848635,2505727.558397929 
 04/13  24:00:00,2144139.076515859,2582365.0093810647 
 04/14  01:00:00,2312628.8235277785,2811066.3870059573 
 04/14  02:00:00,2440378.67705795,2986549.518695988 
 04/14  03:00:00,2549259.4711757954,3174351.514637899 
 04/14  04:00:00,2705907.721143951,3442925.357295148 
 04/14  05:00:00,2808137.374336494,3619912.1536712754 
 04/14  06:00:00,2858377.664352854,3716659.147669991 
 04/14  07:00:00,2892755.7133866875,3768201.183505052 
 04/14  08:00:00,2680019.2775046844,3405483.5246991455 
 04/14  09:00:00,1855053.2587412884,2065836.6905758525 
 04/14  10:00:00,1273081.96995834,1143790.9224373952 
 04/14  11:00:00,763693.2193890621,432306.3397614438 
 04/14  12:00:00,479746.96488985437,51585.304474543955 
 04/14  13:00:00,316794.30095144094,0.0 
 04/14  14:00:00,486687.89517127123,215092.43020573742 
 04/14  15:00:00,595061.290130701,393307.61107459443 
 04/14  16:00:00,648821.1508800058,461943.01717893034 
 04/14  17:00:00,641111.2578927444,475656.36383380264 
 04/14  18:00:00,600418.2224839008,496387.3918150955 
 04/14  19:00:00,805210.9845271138,858157.4924905202 
 04/14  20:00:00,1339001.1092411964,1596160.1478177458 
 04/14  21:00:00,1735742.8298200867,2086480.053662874 
 04/14  22:00:00,1918131.011042083,2307875.475372341 
 04/14  23:00:00,1990870.693196322,2406616.6293552886 
 04/14  24:00:00,2034930.0148880128,2514852.1676501334 
 04/15  01:00:00,2122330.1758316145,2727160.3067719676 
 04/15  02:00:00,2182005.4035667507,2847368.412392197 
 04/15  03:00:00,2176235.5372398505,2847016.689644729 
 04/15  04:00:00,2275858.3554366287,2952627.0749032157 
 04/15  05:00:00,2339622.8945285105,3021375.3984521157 
 04/15  06:00:00,2284096.335554263,2917946.2478347197 
 04/15  07:00:00,2240244.118367915,2810974.2650565817 
 04/15  08:00:00,2201157.778831509,2768208.51716873 
 04/15  09:00:00,1859448.7500438758,2300094.677802178 
 04/15  10:00:00,1377934.2787232823,1543270.014904586 
 04/15  11:00:00,1215607.4247984537,1294324.9353437205 
 04/15  12:00:00,750990.9692900437,627079.7899487435 
 04/15  13:00:00,1432123.9111453893,1614987.6137734754 
 04/15  14:00:00,1296575.8801111632,1429570.7183623253 
 04/15  15:00:00,951576.0554535248,928937.4273896397 
 04/15  16:00:00,1155378.1334982144,1235625.4717384719 
 04/15  17:00:00,1443496.5285196784,1646701.9595963657 
 04/15  18:00:00,1550006.6789463526,1812680.3175995345 
 04/15  19:00:00,1634657.2743531847,1978292.0138555905 
 04/15  20:00:00,1872075.7641441568,2321639.508472229 
 04/15  21:00:00,1978977.0533317765,2479571.191689294 
 04/15  22:00:00,2063664.4298384243,2610364.961784887 
 04/15  23:00:00,2136438.4938771087,2709343.27907448 
 04/15  24:00:00,2190956.7846453954,2784299.4676278494 
 04/16  01:00:00,2244968.2546011982,2874029.115309372 
 04/16  02:00:00,2326603.809445697,2998163.783749233 
 04/16  03:00:00,2393470.129995396,3091369.6459413636 
 04/16  04:00:00,2471260.035497921,3203532.1652288847 
 04/16  05:00:00,2567350.662826938,3343785.322842863 
 04/16  06:00:00,2699308.620343904,3528074.7542693727 
 04/16  07:00:00,2803357.494728986,3646115.679736742 
 04/16  08:00:00,2568075.5523820003,3277764.9775145766 
 04/16  09:00:00,1900030.7394882408,2297272.306611221 
 04/16  10:00:00,1522831.0459472705,1687051.90160738 
 04/16  11:00:00,1252299.5028503814,1306761.359976998 
 04/16  12:00:00,950375.1526709042,895192.2013840056 
 04/16  13:00:00,798618.0013505095,711348.8909706441 
 04/16  14:00:00,709317.5720925145,607299.6044889846 
 04/16  15:00:00,732077.1758480397,653106.8963888221 
 04/16  16:00:00,864248.5686938235,856829.2010854996 
 04/16  17:00:00,1064569.0154287717,1157001.5654719216 
 04/16  18:00:00,1250742.923242569,1431426.9109736495 
 04/16  19:00:00,1287795.1393136047,1567710.0960578364 
 04/16  20:00:00,1698774.4320989614,2110319.307074965 
 04/16  21:00:00,1938314.0770303565,2401692.48832222 
 04/16  22:00:00,2040495.754553551,2541350.9906398756 
 04/16  23:00:00,2110249.6908932286,2638661.2691097828 
 04/16  24:00:00,2172938.3429230433,2732876.3263817197 
 04/17  01:00:00,2249462.1517411945,2859036.7583272476 
 04/17  02:00:00,2323349.710766785,2980365.353109611 
 04/17  03:00:00,2394680.870776368,3083728.6181262517 
 04/17  04:00:00,2446850.0458304407,3153681.1351369973 
 04/17  05:00:00,2488039.2718694233,3209433.8620156003 
 04/17  06:00:00,2542679.6879076143,3282970.890977174 
 04/17  07:00:00,2525191.562005867,3257604.6762677585 
 04/17  08:00:00,2332783.739783966,2977440.024666914 
 04/17  09:00:00,1880604.9045401793,2308072.6530868234 
 04/17  10:00:00,1278521.3867400752,1405447.9879838745 
 04/17  11:00:00,889326.9862219954,840002.1352316662 
 04/17  12:00:00,580587.0790212109,450247.6524987061 
 04/17  13:00:00,503476.5740834286,374288.5667267008 
 04/17  14:00:00,336536.43150457833,180656.68110772243 
 04/17  15:00:00,159021.76035862943,8783.65757392603 
 04/17  16:00:00,4749.187336433533,0.0 
 04/17  17:00:00,0.0,0.0 
 04/17  18:00:00,0.0,0.0 
 04/17  19:00:00,0.0,0.0 
 04/17  20:00:00,470816.45351796254,635690.3748726785 
 04/17  21:00:00,953349.782369488,1230667.2676112913 
 04/17  22:00:00,1184006.6944120117,1531271.9373342807 
 04/17  23:00:00,1403968.461155014,1826230.839059093 
 04/17  24:00:00,1659984.2831905985,2173925.569938697 
 04/18  01:00:00,1908834.3033613227,2515616.2637184113 
 04/18  02:00:00,2143598.216447669,2826012.578402362 
 04/18  03:00:00,2393067.025834283,3153974.2294161953 
 04/18  04:00:00,2569522.586859745,3391895.9729289394 
 04/18  05:00:00,2665918.0349044823,3534946.276274129 
 04/18  06:00:00,2767378.9820527905,3688801.122139456 
 04/18  07:00:00,2815671.3687064154,3741757.8129275506 
 04/18  08:00:00,2361007.627033687,3040680.860875822 
 04/18  09:00:00,1432114.423836535,1602176.277872389 
 04/18  10:00:00,894456.768960908,720839.7136706634 
 04/18  11:00:00,476703.9341290717,118494.47603384251 
 04/18  12:00:00,33619.73717392684,0.0 
 04/18  13:00:00,0.0,0.0 
 04/18  14:00:00,0.0,0.0 
 04/18  15:00:00,0.0,0.0 
 04/18  16:00:00,0.0,0.0 
 04/18  17:00:00,0.0,0.0 
 04/18  18:00:00,0.0,0.0 
 04/18  19:00:00,0.0,0.0 
 04/18  20:00:00,0.0,0.0 
 04/18  21:00:00,0.0,0.0 
 04/18  22:00:00,47469.88713850005,0.0 
 04/18  23:00:00,385774.4384741636,186157.6682189298 
 04/18  24:00:00,779120.1017933723,787482.7877827899 
 04/19  01:00:00,1161031.4767954662,1336668.723271988 
 04/19  02:00:00,1485225.5742881412,1844260.3113881983 
 04/19  03:00:00,1756467.9624591712,2288704.1000255756 
 04/19  04:00:00,2041331.4498337395,2687344.4282179126 
 04/19  05:00:00,2319475.487895947,3078237.0571218133 
 04/19  06:00:00,2553721.893710246,3419261.552600179 
 04/19  07:00:00,2676354.4151017363,3538385.2727958914 
 04/19  08:00:00,2052428.7238550067,2529090.242975634 
 04/19  09:00:00,971867.2628280364,937907.9734983399 
 04/19  10:00:00,309110.65903981077,75474.21090219577 
 04/19  11:00:00,1004.1436276056631,0.0 
 04/19  12:00:00,0.0,0.0 
 04/19  13:00:00,0.0,0.0 
 04/19  14:00:00,0.0,0.0 
 04/19  15:00:00,0.0,0.0 
 04/19  16:00:00,0.0,0.0 
 04/19  17:00:00,0.0,0.0 
 04/19  18:00:00,0.0,0.0 
 04/19  19:00:00,0.0,0.0 
 04/19  20:00:00,0.0,0.0 
 04/19  21:00:00,0.0,0.0 
 04/19  22:00:00,0.0,0.0 
 04/19  23:00:00,0.0,0.0 
 04/19  24:00:00,206261.72336435557,0.0 
 04/20  01:00:00,686257.9810627635,593383.9030486925 
 04/20  02:00:00,1110455.153096709,1249788.2617664211 
 04/20  03:00:00,1489933.4321639417,1811288.1595342224 
 04/20  04:00:00,1784086.942856728,2236262.270226523 
 04/20  05:00:00,2019302.8268155186,2587109.295093166 
 04/20  06:00:00,2181285.940849334,2828020.1636738414 
 04/20  07:00:00,2228069.4617883456,2895176.5849759793 
 04/20  08:00:00,1803168.586397474,2248842.065338433 
 04/20  09:00:00,993517.0924255421,1007208.713354569 
 04/20  10:00:00,588614.5818265406,313856.1716797293 
 04/20  11:00:00,183223.7058265335,0.0 
 04/20  12:00:00,0.0,0.0 
 04/20  13:00:00,0.0,0.0 
 04/20  14:00:00,0.0,0.0 
 04/20  15:00:00,0.0,0.0 
 04/20  16:00:00,0.0,0.0 
 04/20  17:00:00,0.0,0.0 
 04/20  18:00:00,0.0,0.0 
 04/20  19:00:00,0.0,0.0 
 04/20  20:00:00,103189.94172667373,0.0 
 04/20  21:00:00,518681.9990184492,146490.10630354242 
 04/20  22:00:00,804604.6368062933,638369.1129683161 
 04/20  23:00:00,1094567.437453427,1116173.238137269 
 04/20  24:00:00,1454132.7343824436,1665825.7162128852 
 04/21  01:00:00,1724325.6038115527,2101952.5591695784 
 04/21  02:00:00,1922711.302867815,2390954.5596974343 
 04/21  03:00:00,2082813.4234233813,2614919.418919567 
 04/21  04:00:00,2209273.1932773837,2814321.1504287655 
 04/21  05:00:00,2373375.0185702834,3052465.3154417034 
 04/21  06:00:00,2582162.806422456,3334167.7416779585 
 04/21  07:00:00,2559626.1212305287,3299223.5515485327 
 04/21  08:00:00,2109077.189848073,2617246.3300030963 
 04/21  09:00:00,1375407.419090307,1528739.4577779744 
 04/21  10:00:00,839088.4726666191,759056.8488830089 
 04/21  11:00:00,309384.8901786369,85746.42024420829 
 04/21  12:00:00,45885.67953395432,0.0 
 04/21  13:00:00,0.0,0.0 
 04/21  14:00:00,0.0,0.0 
 04/21  15:00:00,0.0,0.0 
 04/21  16:00:00,0.0,0.0 
 04/21  17:00:00,0.0,0.0 
 04/21  18:00:00,0.0,0.0 
 04/21  19:00:00,0.0,0.0 
 04/21  20:00:00,0.0,0.0 
 04/21  21:00:00,0.0,0.0 
 04/21  22:00:00,0.0,0.0 
 04/21  23:00:00,161922.74040543634,101316.55243663336 
 04/21  24:00:00,352686.64545761567,366182.51332997537 
 04/22  01:00:00,526143.2158245392,602342.3939507033 
 04/22  02:00:00,642403.161302564,770849.6062440486 
 04/22  03:00:00,733951.771977399,909492.9992979742 
 04/22  04:00:00,822056.5855368541,1033307.3774661375 
 04/22  05:00:00,890077.7834974447,1132306.721851843 
 04/22  06:00:00,947560.2562034196,1207927.4730189317 
 04/22  07:00:00,999601.5366805434,1262124.2883452927 
 04/22  08:00:00,863436.7546346416,1051068.4556067893 
 04/22  09:00:00,619748.788689026,704515.9066560373 
 04/22  10:00:00,274142.2351198788,215502.77080400885 
 04/22  11:00:00,127155.43829405688,27393.41645802997 
 04/22  12:00:00,4883.242240601613,0.0 
 04/22  13:00:00,0.0,0.0 
 04/22  14:00:00,29528.098953472367,0.0 
 04/22  15:00:00,0.0,0.0 
 04/22  16:00:00,0.0,0.0 
 04/22  17:00:00,0.0,0.0 
 04/22  18:00:00,0.0,0.0 
 04/22  19:00:00,0.0,0.0 
 04/22  20:00:00,18045.326842269427,0.0 
 04/22  21:00:00,399554.6448804482,339186.5255548728 
 04/22  22:00:00,664238.8032108836,705313.6810851437 
 04/22  23:00:00,818098.3586078153,911348.3787224477 
 04/22  24:00:00,934054.2795698878,1057125.6833931024 
 04/23  01:00:00,1025550.6895431972,1180592.963196848 
 04/23  02:00:00,1167756.1735430872,1365826.8272736482 
 04/23  03:00:00,1380600.975199584,1771954.7458339247 
 04/23  04:00:00,1491768.5930004993,1967488.4311229214 
 04/23  05:00:00,1693210.893678957,2237540.1762104873 
 04/23  06:00:00,1909968.2190495227,2500504.1256771856 
 04/23  07:00:00,2012113.6039398904,2582187.634679337 
 04/23  08:00:00,1648092.614681163,1988144.534551359 
 04/23  09:00:00,747993.0152710652,732331.2190586708 
 04/23  10:00:00,110751.27924834778,21953.151032192545 
 04/23  11:00:00,0.0,0.0 
 04/23  12:00:00,0.0,0.0 
 04/23  13:00:00,0.0,0.0 
 04/23  14:00:00,0.0,0.0 
 04/23  15:00:00,0.0,0.0 
 04/23  16:00:00,0.0,0.0 
 04/23  17:00:00,0.0,0.0 
 04/23  18:00:00,0.0,0.0 
 04/23  19:00:00,171309.86065887482,0.0 
 04/23  20:00:00,383443.98625668266,149705.0643030263 
 04/23  21:00:00,678307.4243730088,641618.8193594535 
 04/23  22:00:00,928513.0912877969,983258.2513211158 
 04/23  23:00:00,1098679.8810618056,1197782.2643781046 
 04/23  24:00:00,1183847.9087217152,1354698.6252607545 
 04/24  01:00:00,1284668.511286274,1540367.3491786367 
 04/24  02:00:00,1437301.9794241963,1743153.085873256 
 04/24  03:00:00,1577927.696257908,1967703.9460485778 
 04/24  04:00:00,1727408.777733478,2210987.400410558 
 04/24  05:00:00,1827375.2912377059,2387260.195236119 
 04/24  06:00:00,1873702.2889018352,2469900.6918368023 
 04/24  07:00:00,1847348.7791449302,2408495.260525218 
 04/24  08:00:00,1604151.4229715243,1982441.1736968525 
 04/24  09:00:00,1073690.9119374338,1170653.338829744 
 04/24  10:00:00,569061.6623553492,468407.5393073858 
 04/24  11:00:00,107830.6786604728,8084.0228022047095 
 04/24  12:00:00,0.0,0.0 
 04/24  13:00:00,0.0,0.0 
 04/24  14:00:00,0.0,0.0 
 04/24  15:00:00,0.0,0.0 
 04/24  16:00:00,0.0,0.0 
 04/24  17:00:00,0.0,0.0 
 04/24  18:00:00,0.0,0.0 
 04/24  19:00:00,0.0,0.0 
 04/24  20:00:00,0.0,0.0 
 04/24  21:00:00,0.0,0.0 
 04/24  22:00:00,91794.41146490353,0.0 
 04/24  23:00:00,349705.18220235396,193527.57662859437 
 04/24  24:00:00,551118.4298425236,558383.570038795 
 04/25  01:00:00,796331.1707229798,939401.2562451295 
 04/25  02:00:00,1070398.0545945065,1284656.64332152 
 04/25  03:00:00,1329922.4053777945,1602099.3807617715 
 04/25  04:00:00,1617075.2679544073,2000010.1954137404 
 04/25  05:00:00,1771554.4448789975,2238942.9365514973 
 04/25  06:00:00,1949800.0663866408,2458118.7881207056 
 04/25  07:00:00,2027002.0771332113,2524019.540429418 
 04/25  08:00:00,1607073.8492488295,1903863.9414631587 
 04/25  09:00:00,1006538.5153754994,1054023.8465987053 
 04/25  10:00:00,630557.508891404,519276.106435472 
 04/25  11:00:00,311251.53801385104,90017.96428038579 
 04/25  12:00:00,17456.6233499223,0.0 
 04/25  13:00:00,0.0,0.0 
 04/25  14:00:00,0.0,0.0 
 04/25  15:00:00,0.0,0.0 
 04/25  16:00:00,0.0,0.0 
 04/25  17:00:00,0.0,0.0 
 04/25  18:00:00,0.0,0.0 
 04/25  19:00:00,0.0,0.0 
 04/25  20:00:00,0.0,0.0 
 04/25  21:00:00,79990.90804341687,0.0 
 04/25  22:00:00,601719.4738299805,453006.09242783685 
 04/25  23:00:00,1083338.1537309662,1177500.950978516 
 04/25  24:00:00,1572350.939223289,1853857.6267974502 
 04/26  01:00:00,1998081.9456881066,2453119.616430307 
 04/26  02:00:00,2254853.2120365766,2828581.0308903446 
 04/26  03:00:00,2438993.0576526625,3101686.7840001443 
 04/26  04:00:00,2585020.8897806243,3338307.637164775 
 04/26  05:00:00,2773967.842641731,3625173.6141890613 
 04/26  06:00:00,2945242.7289606496,3847567.151410261 
 04/26  07:00:00,2923122.9769820166,3783398.086993885 
 04/26  08:00:00,2109650.3845001687,2565686.9513067836 
 04/26  09:00:00,1015964.9606277264,971752.3984478461 
 04/26  10:00:00,368342.8512158604,86614.12612365166 
 04/26  11:00:00,16125.784337824734,0.0 
 04/26  12:00:00,0.0,0.0 
 04/26  13:00:00,0.0,0.0 
 04/26  14:00:00,0.0,0.0 
 04/26  15:00:00,0.0,0.0 
 04/26  16:00:00,0.0,0.0 
 04/26  17:00:00,0.0,0.0 
 04/26  18:00:00,0.0,0.0 
 04/26  19:00:00,0.0,0.0 
 04/26  20:00:00,0.0,0.0 
 04/26  21:00:00,0.0,0.0 
 04/26  22:00:00,0.0,0.0 
 04/26  23:00:00,0.0,0.0 
 04/26  24:00:00,4372.068776279048,0.0 
 04/27  01:00:00,294629.01722624234,0.0 
 04/27  02:00:00,503606.6504617819,271834.460058681 
 04/27  03:00:00,720849.1259316631,637875.506025926 
 04/27  04:00:00,967581.3608783131,1019002.1783018106 
 04/27  05:00:00,1244116.1352663033,1425213.3842720613 
 04/27  06:00:00,1433405.9580888657,1744933.3516555238 
 04/27  07:00:00,1502669.3382659715,1836426.9392928418 
 04/27  08:00:00,1037179.097434965,1140541.0601403138 
 04/27  09:00:00,166564.40658242104,95363.51130702932 
 04/27  10:00:00,0.0,0.0 
 04/27  11:00:00,0.0,0.0 
 04/27  12:00:00,0.0,0.0 
 04/27  13:00:00,0.0,0.0 
 04/27  14:00:00,0.0,0.0 
 04/27  15:00:00,0.0,0.0 
 04/27  16:00:00,0.0,0.0 
 04/27  17:00:00,0.0,0.0 
 04/27  18:00:00,0.0,0.0 
 04/27  19:00:00,0.0,0.0 
 04/27  20:00:00,0.0,0.0 
 04/27  21:00:00,0.0,0.0 
 04/27  22:00:00,0.0,0.0 
 04/27  23:00:00,0.0,0.0 
 04/27  24:00:00,0.0,0.0 
 04/28  01:00:00,0.0,0.0 
 04/28  02:00:00,0.0,0.0 
 04/28  03:00:00,0.0,0.0 
 04/28  04:00:00,0.0,0.0 
 04/28  05:00:00,0.0,0.0 
 04/28  06:00:00,0.0,0.0 
 04/28  07:00:00,0.0,0.0 
 04/28  08:00:00,0.0,0.0 
 04/28  09:00:00,0.0,0.0 
 04/28  10:00:00,0.0,0.0 
 04/28  11:00:00,0.0,0.0 
 04/28  12:00:00,0.0,0.0 
 04/28  13:00:00,0.0,0.0 
 04/28  14:00:00,0.0,0.0 
 04/28  15:00:00,0.0,0.0 
 04/28  16:00:00,0.0,0.0 
 04/28  17:00:00,0.0,0.0 
 04/28  18:00:00,0.0,0.0 
 04/28  19:00:00,0.0,0.0 
 04/28  20:00:00,0.0,0.0 
 04/28  21:00:00,0.0,0.0 
 04/28  22:00:00,0.0,0.0 
 04/28  23:00:00,0.0,0.0 
 04/28  24:00:00,0.0,0.0 
 04/29  01:00:00,0.0,0.0 
 04/29  02:00:00,0.0,0.0 
 04/29  03:00:00,0.0,0.0 
 04/29  04:00:00,0.0,0.0 
 04/29  05:00:00,0.0,0.0 
 04/29  06:00:00,0.0,0.0 
 04/29  07:00:00,0.0,0.0 
 04/29  08:00:00,0.0,0.0 
 04/29  09:00:00,0.0,0.0 
 04/29  10:00:00,0.0,0.0 
 04/29  11:00:00,0.0,0.0 
 04/29  12:00:00,0.0,0.0 
 04/29  13:00:00,0.0,0.0 
 04/29  14:00:00,0.0,0.0 
 04/29  15:00:00,0.0,0.0 
 04/29  16:00:00,0.0,0.0 
 04/29  17:00:00,0.0,0.0 
 04/29  18:00:00,0.0,0.0 
 04/29  19:00:00,0.0,0.0 
 04/29  20:00:00,0.0,0.0 
 04/29  21:00:00,0.0,0.0 
 04/29  22:00:00,0.0,0.0 
 04/29  23:00:00,0.0,0.0 
 04/29  24:00:00,0.0,0.0 
 04/30  01:00:00,0.0,0.0 
 04/30  02:00:00,0.0,0.0 
 04/30  03:00:00,0.0,0.0 
 04/30  04:00:00,52321.78897301783,0.0 
 04/30  05:00:00,338727.2235877179,263933.7417249597 
 04/30  06:00:00,594172.0611399135,647936.2659326202 
 04/30  07:00:00,766197.3464497488,887699.5416548948 
 04/30  08:00:00,715088.2688692145,789377.0170848184 
 04/30  09:00:00,433884.3248327041,382743.4899980435 
 04/30  10:00:00,126623.99390720928,24645.50802683189 
 04/30  11:00:00,0.0,0.0 
 04/30  12:00:00,0.0,0.0 
 04/30  13:00:00,0.0,0.0 
 04/30  14:00:00,0.0,0.0 
 04/30  15:00:00,0.0,0.0 
 04/30  16:00:00,0.0,0.0 
 04/30  17:00:00,0.0,0.0 
 04/30  18:00:00,0.0,0.0 
 04/30  19:00:00,0.0,0.0 
 04/30  20:00:00,0.0,0.0 
 04/30  21:00:00,0.0,0.0 
 04/30  22:00:00,0.0,0.0 
 04/30  23:00:00,0.0,0.0 
 04/30  24:00:00,202719.94918965502,191165.2651047545 
 05/01  01:00:00,489065.6558165102,625308.9096166441 
 05/01  02:00:00,706198.7372118835,951169.0785354528 
 05/01  03:00:00,844633.7446027284,1152333.118105696 
 05/01  04:00:00,944253.1384450544,1300349.2900889134 
 05/01  05:00:00,1102042.6159458882,1512838.9098940594 
 05/01  06:00:00,1192643.3691802602,1631000.7204165133 
 05/01  07:00:00,1185353.905549607,1598588.0738800624 
 05/01  08:00:00,988160.1978847334,1269088.9000889263 
 05/01  09:00:00,633234.4506769689,719810.7043567798 
 05/01  10:00:00,311683.39339135715,258736.5934327947 
 05/01  11:00:00,41191.577314206734,6369.823029630425 
 05/01  12:00:00,0.0,0.0 
 05/01  13:00:00,0.0,0.0 
 05/01  14:00:00,0.0,0.0 
 05/01  15:00:00,0.0,0.0 
 05/01  16:00:00,0.0,0.0 
 05/01  17:00:00,0.0,0.0 
 05/01  18:00:00,0.0,0.0 
 05/01  19:00:00,0.0,0.0 
 05/01  20:00:00,0.0,0.0 
 05/01  21:00:00,8541.959680285074,0.0 
 05/01  22:00:00,344370.2903275102,240929.26323669602 
 05/01  23:00:00,606323.4007578706,660800.7995725464 
 05/01  24:00:00,810655.4892045577,946463.385825365 
 05/02  01:00:00,985466.868818972,1192713.4208828504 
 05/02  02:00:00,1109479.1016915115,1386499.7289721274 
 05/02  03:00:00,1244599.2804948008,1590770.176983621 
 05/02  04:00:00,1390306.0057710363,1803414.1033423692 
 05/02  05:00:00,1561957.510690127,2035780.597824305 
 05/02  06:00:00,1726756.7907560705,2254459.620161828 
 05/02  07:00:00,1760597.2726409247,2296248.6172971544 
 05/02  08:00:00,1430854.5866812551,1839734.721988557 
 05/02  09:00:00,598396.1154281911,632948.4523950043 
 05/02  10:00:00,211414.16252121926,76209.0494531607 
 05/02  11:00:00,22767.372717880793,0.0 
 05/02  12:00:00,0.0,0.0 
 05/02  13:00:00,0.0,0.0 
 05/02  14:00:00,0.0,0.0 
 05/02  15:00:00,0.0,0.0 
 05/02  16:00:00,0.0,0.0 
 05/02  17:00:00,0.0,0.0 
 05/02  18:00:00,0.0,0.0 
 05/02  19:00:00,0.0,0.0 
 05/02  20:00:00,0.0,0.0 
 05/02  21:00:00,0.0,0.0 
 05/02  22:00:00,0.0,0.0 
 05/02  23:00:00,0.0,0.0 
 05/02  24:00:00,0.0,0.0 
 05/03  01:00:00,269951.3531992867,287422.2309771831 
 05/03  02:00:00,594015.0579951464,761462.5918669953 
 05/03  03:00:00,965850.0218076342,1273134.1948205924 
 05/03  04:00:00,1316328.6443514377,1750379.4015885708 
 05/03  05:00:00,1596768.349977609,2122447.3563766014 
 05/03  06:00:00,1776480.2358730459,2377997.402486001 
 05/03  07:00:00,1778096.9868468572,2377427.2343419017 
 05/03  08:00:00,1037081.2657196069,1278881.7412706136 
 05/03  09:00:00,215024.14417076652,159541.88622899383 
 05/03  10:00:00,0.0,0.0 
 05/03  11:00:00,0.0,0.0 
 05/03  12:00:00,0.0,0.0 
 05/03  13:00:00,0.0,0.0 
 05/03  14:00:00,0.0,0.0 
 05/03  15:00:00,0.0,0.0 
 05/03  16:00:00,0.0,0.0 
 05/03  17:00:00,0.0,0.0 
 05/03  18:00:00,0.0,0.0 
 05/03  19:00:00,0.0,0.0 
 05/03  20:00:00,0.0,0.0 
 05/03  21:00:00,0.0,0.0 
 05/03  22:00:00,0.0,0.0 
 05/03  23:00:00,0.0,0.0 
 05/03  24:00:00,0.0,0.0 
 05/04  01:00:00,0.0,0.0 
 05/04  02:00:00,0.0,0.0 
 05/04  03:00:00,0.0,0.0 
 05/04  04:00:00,0.0,0.0 
 05/04  05:00:00,156913.6151822815,33116.10507255392 
 05/04  06:00:00,429789.72348828684,394885.9960480374 
 05/04  07:00:00,487191.475651684,519178.782777382 
 05/04  08:00:00,74540.86882750926,43735.079182204216 
 05/04  09:00:00,0.0,0.0 
 05/04  10:00:00,0.0,0.0 
 05/04  11:00:00,0.0,0.0 
 05/04  12:00:00,0.0,0.0 
 05/04  13:00:00,0.0,0.0 
 05/04  14:00:00,0.0,0.0 
 05/04  15:00:00,0.0,0.0 
 05/04  16:00:00,0.0,0.0 
 05/04  17:00:00,0.0,0.0 
 05/04  18:00:00,0.0,0.0 
 05/04  19:00:00,0.0,0.0 
 05/04  20:00:00,0.0,0.0 
 05/04  21:00:00,0.0,0.0 
 05/04  22:00:00,0.0,0.0 
 05/04  23:00:00,0.0,0.0 
 05/04  24:00:00,0.0,0.0 
 05/05  01:00:00,0.0,0.0 
 05/05  02:00:00,0.0,0.0 
 05/05  03:00:00,0.0,0.0 
 05/05  04:00:00,0.0,0.0 
 05/05  05:00:00,0.0,0.0 
 05/05  06:00:00,0.0,0.0 
 05/05  07:00:00,0.0,0.0 
 05/05  08:00:00,0.0,0.0 
 05/05  09:00:00,0.0,0.0 
 05/05  10:00:00,0.0,0.0 
 05/05  11:00:00,0.0,0.0 
 05/05  12:00:00,0.0,0.0 
 05/05  13:00:00,0.0,0.0 
 05/05  14:00:00,0.0,0.0 
 05/05  15:00:00,0.0,0.0 
 05/05  16:00:00,0.0,0.0 
 05/05  17:00:00,0.0,0.0 
 05/05  18:00:00,0.0,0.0 
 05/05  19:00:00,0.0,0.0 
 05/05  20:00:00,0.0,0.0 
 05/05  21:00:00,0.0,0.0 
 05/05  22:00:00,0.0,0.0 
 05/05  23:00:00,0.0,0.0 
 05/05  24:00:00,0.0,0.0 
 05/06  01:00:00,0.0,0.0 
 05/06  02:00:00,0.0,0.0 
 05/06  03:00:00,0.0,0.0 
 05/06  04:00:00,0.0,0.0 
 05/06  05:00:00,0.0,0.0 
 05/06  06:00:00,0.0,0.0 
 05/06  07:00:00,0.0,0.0 
 05/06  08:00:00,0.0,0.0 
 05/06  09:00:00,0.0,0.0 
 05/06  10:00:00,0.0,0.0 
 05/06  11:00:00,0.0,0.0 
 05/06  12:00:00,0.0,0.0 
 05/06  13:00:00,0.0,0.0 
 05/06  14:00:00,0.0,0.0 
 05/06  15:00:00,0.0,0.0 
 05/06  16:00:00,0.0,0.0 
 05/06  17:00:00,0.0,0.0 
 05/06  18:00:00,0.0,0.0 
 05/06  19:00:00,0.0,0.0 
 05/06  20:00:00,0.0,0.0 
 05/06  21:00:00,0.0,0.0 
 05/06  22:00:00,0.0,0.0 
 05/06  23:00:00,0.0,0.0 
 05/06  24:00:00,0.0,0.0 
 05/07  01:00:00,0.0,0.0 
 05/07  02:00:00,0.0,0.0 
 05/07  03:00:00,0.0,0.0 
 05/07  04:00:00,0.0,0.0 
 05/07  05:00:00,0.0,0.0 
 05/07  06:00:00,0.0,0.0 
 05/07  07:00:00,0.0,0.0 
 05/07  08:00:00,0.0,0.0 
 05/07  09:00:00,0.0,0.0 
 05/07  10:00:00,0.0,0.0 
 05/07  11:00:00,0.0,0.0 
 05/07  12:00:00,0.0,0.0 
 05/07  13:00:00,0.0,0.0 
 05/07  14:00:00,0.0,0.0 
 05/07  15:00:00,0.0,0.0 
 05/07  16:00:00,0.0,0.0 
 05/07  17:00:00,0.0,0.0 
 05/07  18:00:00,0.0,0.0 
 05/07  19:00:00,0.0,0.0 
 05/07  20:00:00,0.0,0.0 
 05/07  21:00:00,0.0,0.0 
 05/07  22:00:00,0.0,0.0 
 05/07  23:00:00,0.0,0.0 
 05/07  24:00:00,56176.89555703837,53918.01923156818 
 05/08  01:00:00,334054.1646127516,446179.1602429469 
 05/08  02:00:00,529834.9558303722,710024.6275165329 
 05/08  03:00:00,670466.1257266679,909605.5569636433 
 05/08  04:00:00,825161.4783832891,1131094.7711084876 
 05/08  05:00:00,897974.6271103381,1236668.3661770157 
 05/08  06:00:00,952663.3659254687,1303525.4873395192 
 05/08  07:00:00,874624.5411772063,1157928.2082424718 
 05/08  08:00:00,552745.9537099064,666490.647713095 
 05/08  09:00:00,131453.5679023771,95861.00971175438 
 05/08  10:00:00,0.0,0.0 
 05/08  11:00:00,0.0,0.0 
 05/08  12:00:00,0.0,0.0 
 05/08  13:00:00,0.0,0.0 
 05/08  14:00:00,0.0,0.0 
 05/08  15:00:00,0.0,0.0 
 05/08  16:00:00,0.0,0.0 
 05/08  17:00:00,0.0,0.0 
 05/08  18:00:00,0.0,0.0 
 05/08  19:00:00,0.0,0.0 
 05/08  20:00:00,0.0,0.0 
 05/08  21:00:00,0.0,0.0 
 05/08  22:00:00,0.0,0.0 
 05/08  23:00:00,0.0,0.0 
 05/08  24:00:00,0.0,0.0 
 05/09  01:00:00,0.0,0.0 
 05/09  02:00:00,0.0,0.0 
 05/09  03:00:00,26242.699658234054,0.0 
 05/09  04:00:00,146785.13232450932,49002.7518552095 
 05/09  05:00:00,305256.971465316,302799.1225644495 
 05/09  06:00:00,464325.68650757533,534684.7227091719 
 05/09  07:00:00,473498.36115765426,528574.1707128852 
 05/09  08:00:00,140726.57602535147,70016.14039834349 
 05/09  09:00:00,0.0,0.0 
 05/09  10:00:00,0.0,0.0 
 05/09  11:00:00,0.0,0.0 
 05/09  12:00:00,0.0,0.0 
 05/09  13:00:00,0.0,0.0 
 05/09  14:00:00,0.0,0.0 
 05/09  15:00:00,0.0,0.0 
 05/09  16:00:00,0.0,0.0 
 05/09  17:00:00,0.0,0.0 
 05/09  18:00:00,0.0,0.0 
 05/09  19:00:00,0.0,0.0 
 05/09  20:00:00,0.0,0.0 
 05/09  21:00:00,0.0,0.0 
 05/09  22:00:00,59539.48952780411,0.0 
 05/09  23:00:00,347549.9168022856,351950.068607038 
 05/09  24:00:00,590332.9508948664,707425.3830067727 
 05/10  01:00:00,777681.1616436004,990040.5468569044 
 05/10  02:00:00,893778.3784730885,1147053.4250158106 
 05/10  03:00:00,1011478.7630545697,1255698.528171485 
 05/10  04:00:00,1060259.6997112501,1331737.2926321933 
 05/10  05:00:00,1104856.2029898618,1424890.6355844156 
 05/10  06:00:00,1241197.9149826665,1622727.470930966 
 05/10  07:00:00,1319076.666072567,1707711.818844899 
 05/10  08:00:00,1062283.7344438639,1307583.3920097786 
 05/10  09:00:00,592579.0637001425,617981.9110592748 
 05/10  10:00:00,245239.7585847066,126115.29837247726 
 05/10  11:00:00,60562.10033679854,0.0 
 05/10  12:00:00,0.0,0.0 
 05/10  13:00:00,0.0,0.0 
 05/10  14:00:00,0.0,0.0 
 05/10  15:00:00,0.0,0.0 
 05/10  16:00:00,0.0,0.0 
 05/10  17:00:00,0.0,0.0 
 05/10  18:00:00,0.0,0.0 
 05/10  19:00:00,0.0,0.0 
 05/10  20:00:00,0.0,0.0 
 05/10  21:00:00,0.0,0.0 
 05/10  22:00:00,128005.21974124858,47646.03608087564 
 05/10  23:00:00,553868.9738226931,549833.9036957674 
 05/10  24:00:00,728522.3577782286,830855.0543601268 
 05/11  01:00:00,890702.0824901601,1086170.5859424653 
 05/11  02:00:00,1072082.0105184177,1352803.804680559 
 05/11  03:00:00,1231081.1263262536,1579571.665217436 
 05/11  04:00:00,1329524.1473469448,1681896.7181281764 
 05/11  05:00:00,1358920.7391679485,1720467.4946027996 
 05/11  06:00:00,1443962.4803805696,1854966.449910198 
 05/11  07:00:00,1424445.6420147312,1807484.6313476556 
 05/11  08:00:00,1235786.2111843163,1504168.575845885 
 05/11  09:00:00,1054178.0559029547,1252628.289284884 
 05/11  10:00:00,669068.2950202347,684027.8229655101 
 05/11  11:00:00,275104.5440608959,139420.10952631902 
 05/11  12:00:00,11018.556230468675,0.0 
 05/11  13:00:00,0.0,0.0 
 05/11  14:00:00,0.0,0.0 
 05/11  15:00:00,0.0,0.0 
 05/11  16:00:00,0.0,0.0 
 05/11  17:00:00,0.0,0.0 
 05/11  18:00:00,0.0,0.0 
 05/11  19:00:00,0.0,0.0 
 05/11  20:00:00,0.0,0.0 
 05/11  21:00:00,534626.0895686123,396860.56525948085 
 05/11  22:00:00,779892.5882036501,820238.8677760334 
 05/11  23:00:00,977993.8324235335,1116629.8604918257 
 05/11  24:00:00,1111593.2972828299,1331991.0491133844 
 05/12  01:00:00,1223250.457372822,1504236.1321424942 
 05/12  02:00:00,1330423.3437115343,1650618.7533113388 
 05/12  03:00:00,1418777.3760203165,1765094.361476411 
 05/12  04:00:00,1506667.549576842,1905211.703004005 
 05/12  05:00:00,1579752.9332104824,2037155.6016622635 
 05/12  06:00:00,1614269.5302327033,2104867.89034754 
 05/12  07:00:00,1565372.8112400044,2026814.6148587316 
 05/12  08:00:00,1193925.5197873497,1455025.0294618185 
 05/12  09:00:00,568365.4392379555,537593.9242670033 
 05/12  10:00:00,208525.38374664582,60855.526336031115 
 05/12  11:00:00,13318.000094268064,0.0 
 05/12  12:00:00,0.0,0.0 
 05/12  13:00:00,0.0,0.0 
 05/12  14:00:00,0.0,0.0 
 05/12  15:00:00,0.0,0.0 
 05/12  16:00:00,0.0,0.0 
 05/12  17:00:00,0.0,0.0 
 05/12  18:00:00,0.0,0.0 
 05/12  19:00:00,0.0,0.0 
 05/12  20:00:00,0.0,0.0 
 05/12  21:00:00,307442.4369178232,40142.83076175634 
 05/12  22:00:00,518011.3680843032,334711.6625448813 
 05/12  23:00:00,668226.9547910262,599127.7120503765 
 05/12  24:00:00,774935.483834454,799172.8619298541 
 05/13  01:00:00,878928.4971175985,978742.6785482911 
 05/13  02:00:00,977369.126339152,1116373.289982177 
 05/13  03:00:00,1079756.0970831802,1269409.9153172378 
 05/13  04:00:00,1186810.2368468202,1435289.8143312805 
 05/13  05:00:00,1272268.166750442,1564212.2170728545 
 05/13  06:00:00,1327776.512424786,1660546.741839114 
 05/13  07:00:00,1287187.0042849479,1608563.512745924 
 05/13  08:00:00,1150723.7868207342,1384054.9121915544 
 05/13  09:00:00,859594.3676150391,921952.5850686457 
 05/13  10:00:00,611594.6067373174,559897.7216767272 
 05/13  11:00:00,412758.9015853206,305943.03729368624 
 05/13  12:00:00,82643.2751356755,12443.42003650818 
 05/13  13:00:00,0.0,0.0 
 05/13  14:00:00,0.0,0.0 
 05/13  15:00:00,0.0,0.0 
 05/13  16:00:00,0.0,0.0 
 05/13  17:00:00,0.0,0.0 
 05/13  18:00:00,34694.50890829903,0.0 
 05/13  19:00:00,225344.33821188213,48325.38010501885 
 05/13  20:00:00,13821.437751187112,0.0 
 05/13  21:00:00,611675.1474863064,572494.2476688172 
 05/13  22:00:00,842322.3511542252,958290.0573639584 
 05/13  23:00:00,970503.4785862126,1161369.916892964 
 05/13  24:00:00,1093686.8908424063,1323751.4060020826 
 05/14  01:00:00,1318921.485467277,1628655.7076801704 
 05/14  02:00:00,1503944.9173990076,1918146.45933059 
 05/14  03:00:00,1637665.9500499011,2135237.8229943584 
 05/14  04:00:00,1674896.428667959,2195944.507269809 
 05/14  05:00:00,1661215.307797039,2174472.056189581 
 05/14  06:00:00,1660378.4726243904,2170387.789237485 
 05/14  07:00:00,1577489.6001288618,2041020.1980789052 
 05/14  08:00:00,1279805.9343710705,1570637.0028206822 
 05/14  09:00:00,888894.506828492,965478.9941657902 
 05/14  10:00:00,528655.3833850973,444946.80017067405 
 05/14  11:00:00,154406.08525325445,50459.309762899284 
 05/14  12:00:00,0.0,0.0 
 05/14  13:00:00,0.0,0.0 
 05/14  14:00:00,0.0,0.0 
 05/14  15:00:00,0.0,0.0 
 05/14  16:00:00,0.0,0.0 
 05/14  17:00:00,0.0,0.0 
 05/14  18:00:00,0.0,0.0 
 05/14  19:00:00,0.0,0.0 
 05/14  20:00:00,0.0,0.0 
 05/14  21:00:00,0.0,0.0 
 05/14  22:00:00,0.0,0.0 
 05/14  23:00:00,13780.55278095053,0.0 
 05/14  24:00:00,234283.37101863654,67946.20876989284 
 05/15  01:00:00,433819.3938039506,367297.35568228504 
 05/15  02:00:00,577595.1161744177,613503.2436582216 
 05/15  03:00:00,724438.879260563,855573.6871811234 
 05/15  04:00:00,849747.674507322,1063124.5161999476 
 05/15  05:00:00,961305.5807980113,1230135.5585382518 
 05/15  06:00:00,1026090.9804679032,1310606.3450674827 
 05/15  07:00:00,957783.359513653,1176769.8522186626 
 05/15  08:00:00,699398.3373106858,763685.517248555 
 05/15  09:00:00,389434.21575867035,345090.98176483024 
 05/15  10:00:00,73694.06911599835,23020.206729208076 
 05/15  11:00:00,0.0,0.0 
 05/15  12:00:00,0.0,0.0 
 05/15  13:00:00,0.0,0.0 
 05/15  14:00:00,0.0,0.0 
 05/15  15:00:00,0.0,0.0 
 05/15  16:00:00,0.0,0.0 
 05/15  17:00:00,0.0,0.0 
 05/15  18:00:00,0.0,0.0 
 05/15  19:00:00,0.0,0.0 
 05/15  20:00:00,0.0,0.0 
 05/15  21:00:00,0.0,0.0 
 05/15  22:00:00,0.0,0.0 
 05/15  23:00:00,0.0,0.0 
 05/15  24:00:00,0.0,0.0 
 05/16  01:00:00,65835.32947661952,20543.027691130555 
 05/16  02:00:00,329150.15159123647,344956.9216194286 
 05/16  03:00:00,569244.0845990495,678485.4522521805 
 05/16  04:00:00,760949.2959577017,939425.7996774076 
 05/16  05:00:00,843781.7881757714,1054874.0329649379 
 05/16  06:00:00,839279.4837778725,1052036.0908488794 
 05/16  07:00:00,867932.4984287567,1081794.1034095092 
 05/16  08:00:00,889229.0864795867,1094908.8919784008 
 05/16  09:00:00,806366.7687491719,950599.0659448646 
 05/16  10:00:00,704819.0186230436,775879.6368191063 
 05/16  11:00:00,592571.6139354394,598981.5495057388 
 05/16  12:00:00,371439.19680741424,300663.37281869823 
 05/16  13:00:00,219008.22726927948,99411.93526542229 
 05/16  14:00:00,97252.87902006567,0.0 
 05/16  15:00:00,1517.061495368398,0.0 
 05/16  16:00:00,0.0,0.0 
 05/16  17:00:00,0.0,0.0 
 05/16  18:00:00,0.0,0.0 
 05/16  19:00:00,0.0,0.0 
 05/16  20:00:00,175031.19267131406,239658.62816343724 
 05/16  21:00:00,702300.1577641444,860318.4384211737 
 05/16  22:00:00,821157.6866645293,1019815.9083256098 
 05/16  23:00:00,945426.4062219169,1180504.7922668462 
 05/16  24:00:00,1043948.1697526544,1310198.9856820903 
 05/17  01:00:00,1167704.1212735437,1480813.407773659 
 05/17  02:00:00,1342939.094238781,1713516.6753959507 
 05/17  03:00:00,1529907.390581852,1948766.223796502 
 05/17  04:00:00,1687624.0748384437,2145301.1407277957 
 05/17  05:00:00,1809440.3877637312,2294756.9462717045 
 05/17  06:00:00,1927883.909328083,2439115.461528543 
 05/17  07:00:00,1907846.7199462277,2403820.3190453737 
 05/17  08:00:00,1483536.4748224043,1831499.1823206956 
 05/17  09:00:00,899600.3236513279,996907.5270612302 
 05/17  10:00:00,579897.138674558,532452.6122119257 
 05/17  11:00:00,317656.9375595602,199223.96078856912 
 05/17  12:00:00,113512.9664207492,17920.227347593027 
 05/17  13:00:00,0.0,0.0 
 05/17  14:00:00,0.0,0.0 
 05/17  15:00:00,0.0,0.0 
 05/17  16:00:00,0.0,0.0 
 05/17  17:00:00,0.0,0.0 
 05/17  18:00:00,0.0,0.0 
 05/17  19:00:00,0.0,0.0 
 05/17  20:00:00,0.0,0.0 
 05/17  21:00:00,466688.60844361846,485571.8903707465 
 05/17  22:00:00,650382.1399513392,755688.8751509628 
 05/17  23:00:00,849342.9858916091,1020214.0528069242 
 05/17  24:00:00,1006604.9031270004,1233574.6759522832 
 05/18  01:00:00,1158495.8438957024,1457222.5040746175 
 05/18  02:00:00,1343313.3810507434,1722663.40701316 
 05/18  03:00:00,1535142.6581180692,1976898.0279247307 
 05/18  04:00:00,1700537.7977574584,2193639.7279141806 
 05/18  05:00:00,1892295.922197879,2447782.368105666 
 05/18  06:00:00,2091734.4381680451,2710578.5285496744 
 05/18  07:00:00,2050845.2306842515,2619023.8276215065 
 05/18  08:00:00,1516020.6490478576,1818957.6444343752 
 05/18  09:00:00,948117.617650066,962007.0150054409 
 05/18  10:00:00,521402.62842144084,356827.2003873157 
 05/18  11:00:00,171819.94173569183,3055.1003962864343 
 05/18  12:00:00,0.0,0.0 
 05/18  13:00:00,0.0,0.0 
 05/18  14:00:00,0.0,0.0 
 05/18  15:00:00,0.0,0.0 
 05/18  16:00:00,0.0,0.0 
 05/18  17:00:00,0.0,0.0 
 05/18  18:00:00,0.0,0.0 
 05/18  19:00:00,0.0,0.0 
 05/18  20:00:00,0.0,0.0 
 05/18  21:00:00,195799.90881578706,51238.02746719158 
 05/18  22:00:00,467634.745767327,404343.1627985483 
 05/18  23:00:00,628592.304285831,694777.6889212511 
 05/18  24:00:00,705743.1260863553,857527.1911312542 
 05/19  01:00:00,894153.2128885083,1122921.8540060802 
 05/19  02:00:00,1136095.086845985,1449079.145744961 
 05/19  03:00:00,1348188.6254403552,1731439.7305282308 
 05/19  04:00:00,1548914.470844152,2006063.0837672378 
 05/19  05:00:00,1687187.349659021,2205373.7157496926 
 05/19  06:00:00,1767415.5721054473,2316282.77679692 
 05/19  07:00:00,1663985.655888261,2135577.9095426747 
 05/19  08:00:00,928705.7570707955,1062677.1066339922 
 05/19  09:00:00,255557.52563366623,168224.8637953351 
 05/19  10:00:00,0.0,0.0 
 05/19  11:00:00,0.0,0.0 
 05/19  12:00:00,0.0,0.0 
 05/19  13:00:00,0.0,0.0 
 05/19  14:00:00,0.0,0.0 
 05/19  15:00:00,0.0,0.0 
 05/19  16:00:00,0.0,0.0 
 05/19  17:00:00,0.0,0.0 
 05/19  18:00:00,0.0,0.0 
 05/19  19:00:00,0.0,0.0 
 05/19  20:00:00,0.0,0.0 
 05/19  21:00:00,0.0,0.0 
 05/19  22:00:00,0.0,0.0 
 05/19  23:00:00,0.0,0.0 
 05/19  24:00:00,0.0,0.0 
 05/20  01:00:00,48323.98260061236,0.0 
 05/20  02:00:00,292503.8875137536,181157.1677763255 
 05/20  03:00:00,534835.3446057371,582896.9932733607 
 05/20  04:00:00,742509.4437485292,900549.232027414 
 05/20  05:00:00,931486.0788158948,1185724.5092345243 
 05/20  06:00:00,1077102.172590488,1378801.6479589974 
 05/20  07:00:00,1005589.8773980748,1237051.660444567 
 05/20  08:00:00,479425.04732062446,462516.39334757644 
 05/20  09:00:00,34225.189657369636,0.0 
 05/20  10:00:00,0.0,0.0 
 05/20  11:00:00,0.0,0.0 
 05/20  12:00:00,0.0,0.0 
 05/20  13:00:00,0.0,0.0 
 05/20  14:00:00,0.0,0.0 
 05/20  15:00:00,0.0,0.0 
 05/20  16:00:00,0.0,0.0 
 05/20  17:00:00,0.0,0.0 
 05/20  18:00:00,0.0,0.0 
 05/20  19:00:00,0.0,0.0 
 05/20  20:00:00,0.0,0.0 
 05/20  21:00:00,0.0,0.0 
 05/20  22:00:00,0.0,0.0 
 05/20  23:00:00,0.0,0.0 
 05/20  24:00:00,0.0,0.0 
 05/21  01:00:00,0.0,0.0 
 05/21  02:00:00,91441.47857413991,0.0 
 05/21  03:00:00,423166.7301423848,372257.37977787724 
 05/21  04:00:00,629165.8894980203,683043.6393976358 
 05/21  05:00:00,800263.5771565444,930036.9421385556 
 05/21  06:00:00,851847.4158480109,1017985.8103553175 
 05/21  07:00:00,759066.7501313525,865480.1586972252 
 05/21  08:00:00,456000.83176339476,408182.3715872931 
 05/21  09:00:00,68777.48685209481,11396.461778980303 
 05/21  10:00:00,0.0,0.0 
 05/21  11:00:00,0.0,0.0 
 05/21  12:00:00,0.0,0.0 
 05/21  13:00:00,0.0,0.0 
 05/21  14:00:00,0.0,0.0 
 05/21  15:00:00,0.0,0.0 
 05/21  16:00:00,0.0,0.0 
 05/21  17:00:00,0.0,0.0 
 05/21  18:00:00,0.0,0.0 
 05/21  19:00:00,0.0,0.0 
 05/21  20:00:00,0.0,0.0 
 05/21  21:00:00,0.0,0.0 
 05/21  22:00:00,0.0,0.0 
 05/21  23:00:00,0.0,0.0 
 05/21  24:00:00,0.0,0.0 
 05/22  01:00:00,0.0,0.0 
 05/22  02:00:00,0.0,0.0 
 05/22  03:00:00,0.0,0.0 
 05/22  04:00:00,0.0,0.0 
 05/22  05:00:00,0.0,0.0 
 05/22  06:00:00,22188.060482841684,22003.201079832797 
 05/22  07:00:00,55576.5106925006,66750.25759364798 
 05/22  08:00:00,0.0,0.0 
 05/22  09:00:00,0.0,0.0 
 05/22  10:00:00,0.0,0.0 
 05/22  11:00:00,0.0,0.0 
 05/22  12:00:00,0.0,0.0 
 05/22  13:00:00,0.0,0.0 
 05/22  14:00:00,0.0,0.0 
 05/22  15:00:00,0.0,0.0 
 05/22  16:00:00,0.0,0.0 
 05/22  17:00:00,0.0,0.0 
 05/22  18:00:00,0.0,0.0 
 05/22  19:00:00,0.0,0.0 
 05/22  20:00:00,0.0,0.0 
 05/22  21:00:00,0.0,0.0 
 05/22  22:00:00,0.0,0.0 
 05/22  23:00:00,0.0,0.0 
 05/22  24:00:00,0.0,0.0 
 05/23  01:00:00,0.0,0.0 
 05/23  02:00:00,0.0,0.0 
 05/23  03:00:00,0.0,0.0 
 05/23  04:00:00,0.0,0.0 
 05/23  05:00:00,0.0,0.0 
 05/23  06:00:00,0.0,0.0 
 05/23  07:00:00,0.0,0.0 
 05/23  08:00:00,0.0,0.0 
 05/23  09:00:00,0.0,0.0 
 05/23  10:00:00,0.0,0.0 
 05/23  11:00:00,0.0,0.0 
 05/23  12:00:00,0.0,0.0 
 05/23  13:00:00,0.0,0.0 
 05/23  14:00:00,0.0,0.0 
 05/23  15:00:00,0.0,0.0 
 05/23  16:00:00,0.0,0.0 
 05/23  17:00:00,0.0,0.0 
 05/23  18:00:00,0.0,0.0 
 05/23  19:00:00,0.0,0.0 
 05/23  20:00:00,0.0,0.0 
 05/23  21:00:00,0.0,0.0 
 05/23  22:00:00,0.0,0.0 
 05/23  23:00:00,0.0,0.0 
 05/23  24:00:00,0.0,0.0 
 05/24  01:00:00,0.0,0.0 
 05/24  02:00:00,0.0,0.0 
 05/24  03:00:00,0.0,0.0 
 05/24  04:00:00,0.0,0.0 
 05/24  05:00:00,0.0,0.0 
 05/24  06:00:00,0.0,0.0 
 05/24  07:00:00,0.0,0.0 
 05/24  08:00:00,0.0,0.0 
 05/24  09:00:00,0.0,0.0 
 05/24  10:00:00,0.0,0.0 
 05/24  11:00:00,0.0,0.0 
 05/24  12:00:00,0.0,0.0 
 05/24  13:00:00,0.0,0.0 
 05/24  14:00:00,0.0,0.0 
 05/24  15:00:00,0.0,0.0 
 05/24  16:00:00,0.0,0.0 
 05/24  17:00:00,0.0,0.0 
 05/24  18:00:00,0.0,0.0 
 05/24  19:00:00,0.0,0.0 
 05/24  20:00:00,0.0,0.0 
 05/24  21:00:00,0.0,0.0 
 05/24  22:00:00,0.0,0.0 
 05/24  23:00:00,0.0,0.0 
 05/24  24:00:00,0.0,0.0 
 05/25  01:00:00,0.0,0.0 
 05/25  02:00:00,0.0,0.0 
 05/25  03:00:00,0.0,0.0 
 05/25  04:00:00,79866.178919049,83589.97550147542 
 05/25  05:00:00,435972.80012531776,578196.6568031362 
 05/25  06:00:00,749325.8227802296,1008076.2831647 
 05/25  07:00:00,828607.6677603198,1084185.4970298642 
 05/25  08:00:00,466923.95841855503,530659.6740341884 
 05/25  09:00:00,108526.61109764995,48102.485680941754 
 05/25  10:00:00,0.0,0.0 
 05/25  11:00:00,0.0,0.0 
 05/25  12:00:00,0.0,0.0 
 05/25  13:00:00,0.0,0.0 
 05/25  14:00:00,0.0,0.0 
 05/25  15:00:00,0.0,0.0 
 05/25  16:00:00,0.0,0.0 
 05/25  17:00:00,0.0,0.0 
 05/25  18:00:00,0.0,0.0 
 05/25  19:00:00,0.0,0.0 
 05/25  20:00:00,0.0,0.0 
 05/25  21:00:00,0.0,0.0 
 05/25  22:00:00,0.0,0.0 
 05/25  23:00:00,0.0,0.0 
 05/25  24:00:00,0.0,0.0 
 05/26  01:00:00,0.0,0.0 
 05/26  02:00:00,0.0,0.0 
 05/26  03:00:00,0.0,0.0 
 05/26  04:00:00,0.0,0.0 
 05/26  05:00:00,32623.580444305844,0.0 
 05/26  06:00:00,297913.4757721084,376369.2587460872 
 05/26  07:00:00,242834.51891827316,283258.5680162367 
 05/26  08:00:00,0.0,0.0 
 05/26  09:00:00,0.0,0.0 
 05/26  10:00:00,0.0,0.0 
 05/26  11:00:00,0.0,0.0 
 05/26  12:00:00,0.0,0.0 
 05/26  13:00:00,0.0,0.0 
 05/26  14:00:00,0.0,0.0 
 05/26  15:00:00,0.0,0.0 
 05/26  16:00:00,0.0,0.0 
 05/26  17:00:00,0.0,0.0 
 05/26  18:00:00,0.0,0.0 
 05/26  19:00:00,0.0,0.0 
 05/26  20:00:00,0.0,0.0 
 05/26  21:00:00,0.0,0.0 
 05/26  22:00:00,0.0,0.0 
 05/26  23:00:00,0.0,0.0 
 05/26  24:00:00,0.0,0.0 
 05/27  01:00:00,0.0,0.0 
 05/27  02:00:00,0.0,0.0 
 05/27  03:00:00,0.0,0.0 
 05/27  04:00:00,0.0,0.0 
 05/27  05:00:00,0.0,0.0 
 05/27  06:00:00,0.0,0.0 
 05/27  07:00:00,0.0,0.0 
 05/27  08:00:00,0.0,0.0 
 05/27  09:00:00,0.0,0.0 
 05/27  10:00:00,0.0,0.0 
 05/27  11:00:00,0.0,0.0 
 05/27  12:00:00,0.0,0.0 
 05/27  13:00:00,0.0,0.0 
 05/27  14:00:00,0.0,0.0 
 05/27  15:00:00,0.0,0.0 
 05/27  16:00:00,0.0,0.0 
 05/27  17:00:00,0.0,0.0 
 05/27  18:00:00,0.0,0.0 
 05/27  19:00:00,0.0,0.0 
 05/27  20:00:00,0.0,0.0 
 05/27  21:00:00,0.0,0.0 
 05/27  22:00:00,0.0,0.0 
 05/27  23:00:00,0.0,0.0 
 05/27  24:00:00,0.0,0.0 
 05/28  01:00:00,0.0,0.0 
 05/28  02:00:00,0.0,0.0 
 05/28  03:00:00,0.0,0.0 
 05/28  04:00:00,0.0,0.0 
 05/28  05:00:00,0.0,0.0 
 05/28  06:00:00,0.0,0.0 
 05/28  07:00:00,0.0,0.0 
 05/28  08:00:00,0.0,0.0 
 05/28  09:00:00,0.0,0.0 
 05/28  10:00:00,0.0,0.0 
 05/28  11:00:00,0.0,0.0 
 05/28  12:00:00,0.0,0.0 
 05/28  13:00:00,0.0,0.0 
 05/28  14:00:00,0.0,0.0 
 05/28  15:00:00,0.0,0.0 
 05/28  16:00:00,0.0,0.0 
 05/28  17:00:00,0.0,0.0 
 05/28  18:00:00,0.0,0.0 
 05/28  19:00:00,0.0,0.0 
 05/28  20:00:00,0.0,0.0 
 05/28  21:00:00,0.0,0.0 
 05/28  22:00:00,0.0,0.0 
 05/28  23:00:00,0.0,0.0 
 05/28  24:00:00,0.0,0.0 
 05/29  01:00:00,0.0,0.0 
 05/29  02:00:00,0.0,0.0 
 05/29  03:00:00,0.0,0.0 
 05/29  04:00:00,0.0,0.0 
 05/29  05:00:00,0.0,0.0 
 05/29  06:00:00,0.0,0.0 
 05/29  07:00:00,0.0,0.0 
 05/29  08:00:00,0.0,0.0 
 05/29  09:00:00,0.0,0.0 
 05/29  10:00:00,0.0,0.0 
 05/29  11:00:00,0.0,0.0 
 05/29  12:00:00,0.0,0.0 
 05/29  13:00:00,0.0,0.0 
 05/29  14:00:00,0.0,0.0 
 05/29  15:00:00,0.0,0.0 
 05/29  16:00:00,0.0,0.0 
 05/29  17:00:00,0.0,0.0 
 05/29  18:00:00,0.0,0.0 
 05/29  19:00:00,0.0,0.0 
 05/29  20:00:00,0.0,0.0 
 05/29  21:00:00,0.0,0.0 
 05/29  22:00:00,0.0,0.0 
 05/29  23:00:00,0.0,0.0 
 05/29  24:00:00,0.0,0.0 
 05/30  01:00:00,0.0,0.0 
 05/30  02:00:00,0.0,0.0 
 05/30  03:00:00,0.0,0.0 
 05/30  04:00:00,0.0,0.0 
 05/30  05:00:00,0.0,0.0 
 05/30  06:00:00,0.0,0.0 
 05/30  07:00:00,0.0,0.0 
 05/30  08:00:00,0.0,0.0 
 05/30  09:00:00,0.0,0.0 
 05/30  10:00:00,0.0,0.0 
 05/30  11:00:00,0.0,0.0 
 05/30  12:00:00,0.0,0.0 
 05/30  13:00:00,0.0,0.0 
 05/30  14:00:00,0.0,0.0 
 05/30  15:00:00,0.0,0.0 
 05/30  16:00:00,0.0,0.0 
 05/30  17:00:00,0.0,0.0 
 05/30  18:00:00,0.0,0.0 
 05/30  19:00:00,0.0,0.0 
 05/30  20:00:00,0.0,0.0 
 05/30  21:00:00,0.0,0.0 
 05/30  22:00:00,0.0,0.0 
 05/30  23:00:00,0.0,0.0 
 05/30  24:00:00,0.0,0.0 
 05/31  01:00:00,0.0,0.0 
 05/31  02:00:00,0.0,0.0 
 05/31  03:00:00,0.0,0.0 
 05/31  04:00:00,0.0,0.0 
 05/31  05:00:00,0.0,0.0 
 05/31  06:00:00,0.0,0.0 
 05/31  07:00:00,0.0,0.0 
 05/31  08:00:00,0.0,0.0 
 05/31  09:00:00,0.0,0.0 
 05/31  10:00:00,0.0,0.0 
 05/31  11:00:00,0.0,0.0 
 05/31  12:00:00,0.0,0.0 
 05/31  13:00:00,0.0,0.0 
 05/31  14:00:00,0.0,0.0 
 05/31  15:00:00,0.0,0.0 
 05/31  16:00:00,0.0,0.0 
 05/31  17:00:00,0.0,0.0 
 05/31  18:00:00,0.0,0.0 
 05/31  19:00:00,0.0,0.0 
 05/31  20:00:00,0.0,0.0 
 05/31  21:00:00,0.0,0.0 
 05/31  22:00:00,0.0,0.0 
 05/31  23:00:00,0.0,0.0 
 05/31  24:00:00,0.0,0.0 
 06/01  01:00:00,0.0,0.0 
 06/01  02:00:00,0.0,0.0 
 06/01  03:00:00,0.0,0.0 
 06/01  04:00:00,0.0,0.0 
 06/01  05:00:00,0.0,0.0 
 06/01  06:00:00,0.0,0.0 
 06/01  07:00:00,0.0,0.0 
 06/01  08:00:00,0.0,0.0 
 06/01  09:00:00,0.0,0.0 
 06/01  10:00:00,0.0,0.0 
 06/01  11:00:00,0.0,0.0 
 06/01  12:00:00,0.0,0.0 
 06/01  13:00:00,0.0,0.0 
 06/01  14:00:00,0.0,0.0 
 06/01  15:00:00,0.0,0.0 
 06/01  16:00:00,0.0,0.0 
 06/01  17:00:00,0.0,0.0 
 06/01  18:00:00,0.0,0.0 
 06/01  19:00:00,0.0,0.0 
 06/01  20:00:00,0.0,0.0 
 06/01  21:00:00,0.0,0.0 
 06/01  22:00:00,0.0,0.0 
 06/01  23:00:00,0.0,0.0 
 06/01  24:00:00,0.0,0.0 
 06/02  01:00:00,0.0,0.0 
 06/02  02:00:00,0.0,0.0 
 06/02  03:00:00,0.0,0.0 
 06/02  04:00:00,0.0,0.0 
 06/02  05:00:00,0.0,0.0 
 06/02  06:00:00,0.0,0.0 
 06/02  07:00:00,0.0,0.0 
 06/02  08:00:00,0.0,0.0 
 06/02  09:00:00,0.0,0.0 
 06/02  10:00:00,0.0,0.0 
 06/02  11:00:00,0.0,0.0 
 06/02  12:00:00,0.0,0.0 
 06/02  13:00:00,0.0,0.0 
 06/02  14:00:00,0.0,0.0 
 06/02  15:00:00,0.0,0.0 
 06/02  16:00:00,0.0,0.0 
 06/02  17:00:00,0.0,0.0 
 06/02  18:00:00,0.0,0.0 
 06/02  19:00:00,0.0,0.0 
 06/02  20:00:00,0.0,0.0 
 06/02  21:00:00,0.0,0.0 
 06/02  22:00:00,0.0,0.0 
 06/02  23:00:00,0.0,0.0 
 06/02  24:00:00,0.0,0.0 
 06/03  01:00:00,0.0,0.0 
 06/03  02:00:00,0.0,0.0 
 06/03  03:00:00,0.0,0.0 
 06/03  04:00:00,0.0,0.0 
 06/03  05:00:00,0.0,0.0 
 06/03  06:00:00,0.0,0.0 
 06/03  07:00:00,0.0,0.0 
 06/03  08:00:00,0.0,0.0 
 06/03  09:00:00,0.0,0.0 
 06/03  10:00:00,0.0,0.0 
 06/03  11:00:00,0.0,0.0 
 06/03  12:00:00,0.0,0.0 
 06/03  13:00:00,0.0,0.0 
 06/03  14:00:00,0.0,0.0 
 06/03  15:00:00,0.0,0.0 
 06/03  16:00:00,0.0,0.0 
 06/03  17:00:00,0.0,0.0 
 06/03  18:00:00,0.0,0.0 
 06/03  19:00:00,0.0,0.0 
 06/03  20:00:00,0.0,0.0 
 06/03  21:00:00,0.0,0.0 
 06/03  22:00:00,0.0,0.0 
 06/03  23:00:00,0.0,0.0 
 06/03  24:00:00,0.0,0.0 
 06/04  01:00:00,0.0,0.0 
 06/04  02:00:00,0.0,0.0 
 06/04  03:00:00,0.0,0.0 
 06/04  04:00:00,0.0,0.0 
 06/04  05:00:00,0.0,0.0 
 06/04  06:00:00,0.0,0.0 
 06/04  07:00:00,0.0,0.0 
 06/04  08:00:00,0.0,0.0 
 06/04  09:00:00,0.0,0.0 
 06/04  10:00:00,0.0,0.0 
 06/04  11:00:00,0.0,0.0 
 06/04  12:00:00,0.0,0.0 
 06/04  13:00:00,0.0,0.0 
 06/04  14:00:00,0.0,0.0 
 06/04  15:00:00,0.0,0.0 
 06/04  16:00:00,0.0,0.0 
 06/04  17:00:00,0.0,0.0 
 06/04  18:00:00,0.0,0.0 
 06/04  19:00:00,0.0,0.0 
 06/04  20:00:00,0.0,0.0 
 06/04  21:00:00,0.0,0.0 
 06/04  22:00:00,0.0,0.0 
 06/04  23:00:00,0.0,0.0 
 06/04  24:00:00,0.0,0.0 
 06/05  01:00:00,0.0,0.0 
 06/05  02:00:00,0.0,0.0 
 06/05  03:00:00,0.0,0.0 
 06/05  04:00:00,0.0,0.0 
 06/05  05:00:00,0.0,0.0 
 06/05  06:00:00,0.0,0.0 
 06/05  07:00:00,0.0,0.0 
 06/05  08:00:00,0.0,0.0 
 06/05  09:00:00,0.0,0.0 
 06/05  10:00:00,0.0,0.0 
 06/05  11:00:00,0.0,0.0 
 06/05  12:00:00,0.0,0.0 
 06/05  13:00:00,0.0,0.0 
 06/05  14:00:00,0.0,0.0 
 06/05  15:00:00,0.0,0.0 
 06/05  16:00:00,0.0,0.0 
 06/05  17:00:00,0.0,0.0 
 06/05  18:00:00,0.0,0.0 
 06/05  19:00:00,0.0,0.0 
 06/05  20:00:00,0.0,0.0 
 06/05  21:00:00,0.0,0.0 
 06/05  22:00:00,0.0,0.0 
 06/05  23:00:00,0.0,0.0 
 06/05  24:00:00,0.0,0.0 
 06/06  01:00:00,0.0,0.0 
 06/06  02:00:00,0.0,0.0 
 06/06  03:00:00,0.0,0.0 
 06/06  04:00:00,0.0,0.0 
 06/06  05:00:00,0.0,0.0 
 06/06  06:00:00,0.0,0.0 
 06/06  07:00:00,0.0,0.0 
 06/06  08:00:00,0.0,0.0 
 06/06  09:00:00,0.0,0.0 
 06/06  10:00:00,0.0,0.0 
 06/06  11:00:00,0.0,0.0 
 06/06  12:00:00,0.0,0.0 
 06/06  13:00:00,0.0,0.0 
 06/06  14:00:00,0.0,0.0 
 06/06  15:00:00,0.0,0.0 
 06/06  16:00:00,0.0,0.0 
 06/06  17:00:00,0.0,0.0 
 06/06  18:00:00,0.0,0.0 
 06/06  19:00:00,0.0,0.0 
 06/06  20:00:00,0.0,0.0 
 06/06  21:00:00,0.0,0.0 
 06/06  22:00:00,0.0,0.0 
 06/06  23:00:00,0.0,0.0 
 06/06  24:00:00,0.0,0.0 
 06/07  01:00:00,0.0,0.0 
 06/07  02:00:00,0.0,0.0 
 06/07  03:00:00,0.0,0.0 
 06/07  04:00:00,0.0,0.0 
 06/07  05:00:00,0.0,0.0 
 06/07  06:00:00,0.0,0.0 
 06/07  07:00:00,0.0,0.0 
 06/07  08:00:00,0.0,0.0 
 06/07  09:00:00,0.0,0.0 
 06/07  10:00:00,0.0,0.0 
 06/07  11:00:00,0.0,0.0 
 06/07  12:00:00,0.0,0.0 
 06/07  13:00:00,0.0,0.0 
 06/07  14:00:00,0.0,0.0 
 06/07  15:00:00,0.0,0.0 
 06/07  16:00:00,0.0,0.0 
 06/07  17:00:00,0.0,0.0 
 06/07  18:00:00,0.0,0.0 
 06/07  19:00:00,0.0,0.0 
 06/07  20:00:00,0.0,0.0 
 06/07  21:00:00,0.0,0.0 
 06/07  22:00:00,0.0,0.0 
 06/07  23:00:00,0.0,0.0 
 06/07  24:00:00,0.0,0.0 
 06/08  01:00:00,0.0,0.0 
 06/08  02:00:00,0.0,0.0 
 06/08  03:00:00,0.0,0.0 
 06/08  04:00:00,0.0,0.0 
 06/08  05:00:00,0.0,0.0 
 06/08  06:00:00,0.0,0.0 
 06/08  07:00:00,0.0,0.0 
 06/08  08:00:00,0.0,0.0 
 06/08  09:00:00,0.0,0.0 
 06/08  10:00:00,0.0,0.0 
 06/08  11:00:00,0.0,0.0 
 06/08  12:00:00,0.0,0.0 
 06/08  13:00:00,0.0,0.0 
 06/08  14:00:00,0.0,0.0 
 06/08  15:00:00,0.0,0.0 
 06/08  16:00:00,0.0,0.0 
 06/08  17:00:00,0.0,0.0 
 06/08  18:00:00,0.0,0.0 
 06/08  19:00:00,0.0,0.0 
 06/08  20:00:00,0.0,0.0 
 06/08  21:00:00,0.0,0.0 
 06/08  22:00:00,0.0,0.0 
 06/08  23:00:00,0.0,0.0 
 06/08  24:00:00,0.0,0.0 
 06/09  01:00:00,0.0,0.0 
 06/09  02:00:00,0.0,0.0 
 06/09  03:00:00,0.0,0.0 
 06/09  04:00:00,0.0,0.0 
 06/09  05:00:00,0.0,0.0 
 06/09  06:00:00,0.0,0.0 
 06/09  07:00:00,0.0,0.0 
 06/09  08:00:00,0.0,0.0 
 06/09  09:00:00,0.0,0.0 
 06/09  10:00:00,0.0,0.0 
 06/09  11:00:00,0.0,0.0 
 06/09  12:00:00,0.0,0.0 
 06/09  13:00:00,0.0,0.0 
 06/09  14:00:00,0.0,0.0 
 06/09  15:00:00,0.0,0.0 
 06/09  16:00:00,0.0,0.0 
 06/09  17:00:00,0.0,0.0 
 06/09  18:00:00,0.0,0.0 
 06/09  19:00:00,0.0,0.0 
 06/09  20:00:00,0.0,0.0 
 06/09  21:00:00,0.0,0.0 
 06/09  22:00:00,0.0,0.0 
 06/09  23:00:00,0.0,0.0 
 06/09  24:00:00,0.0,0.0 
 06/10  01:00:00,0.0,0.0 
 06/10  02:00:00,0.0,0.0 
 06/10  03:00:00,0.0,0.0 
 06/10  04:00:00,0.0,0.0 
 06/10  05:00:00,0.0,0.0 
 06/10  06:00:00,0.0,0.0 
 06/10  07:00:00,0.0,0.0 
 06/10  08:00:00,0.0,0.0 
 06/10  09:00:00,0.0,0.0 
 06/10  10:00:00,0.0,0.0 
 06/10  11:00:00,0.0,0.0 
 06/10  12:00:00,0.0,0.0 
 06/10  13:00:00,0.0,0.0 
 06/10  14:00:00,0.0,0.0 
 06/10  15:00:00,0.0,0.0 
 06/10  16:00:00,0.0,0.0 
 06/10  17:00:00,0.0,0.0 
 06/10  18:00:00,0.0,0.0 
 06/10  19:00:00,0.0,0.0 
 06/10  20:00:00,0.0,0.0 
 06/10  21:00:00,0.0,0.0 
 06/10  22:00:00,0.0,0.0 
 06/10  23:00:00,0.0,0.0 
 06/10  24:00:00,0.0,0.0 
 06/11  01:00:00,0.0,0.0 
 06/11  02:00:00,0.0,0.0 
 06/11  03:00:00,0.0,0.0 
 06/11  04:00:00,0.0,0.0 
 06/11  05:00:00,0.0,0.0 
 06/11  06:00:00,0.0,0.0 
 06/11  07:00:00,0.0,0.0 
 06/11  08:00:00,0.0,0.0 
 06/11  09:00:00,0.0,0.0 
 06/11  10:00:00,0.0,0.0 
 06/11  11:00:00,0.0,0.0 
 06/11  12:00:00,0.0,0.0 
 06/11  13:00:00,0.0,0.0 
 06/11  14:00:00,0.0,0.0 
 06/11  15:00:00,0.0,0.0 
 06/11  16:00:00,0.0,0.0 
 06/11  17:00:00,0.0,0.0 
 06/11  18:00:00,0.0,0.0 
 06/11  19:00:00,0.0,0.0 
 06/11  20:00:00,0.0,0.0 
 06/11  21:00:00,0.0,0.0 
 06/11  22:00:00,0.0,0.0 
 06/11  23:00:00,0.0,0.0 
 06/11  24:00:00,0.0,0.0 
 06/12  01:00:00,0.0,0.0 
 06/12  02:00:00,0.0,0.0 
 06/12  03:00:00,0.0,0.0 
 06/12  04:00:00,0.0,0.0 
 06/12  05:00:00,0.0,0.0 
 06/12  06:00:00,0.0,0.0 
 06/12  07:00:00,0.0,0.0 
 06/12  08:00:00,0.0,0.0 
 06/12  09:00:00,0.0,0.0 
 06/12  10:00:00,0.0,0.0 
 06/12  11:00:00,0.0,0.0 
 06/12  12:00:00,0.0,0.0 
 06/12  13:00:00,0.0,0.0 
 06/12  14:00:00,0.0,0.0 
 06/12  15:00:00,0.0,0.0 
 06/12  16:00:00,0.0,0.0 
 06/12  17:00:00,0.0,0.0 
 06/12  18:00:00,0.0,0.0 
 06/12  19:00:00,0.0,0.0 
 06/12  20:00:00,0.0,0.0 
 06/12  21:00:00,0.0,0.0 
 06/12  22:00:00,0.0,0.0 
 06/12  23:00:00,0.0,0.0 
 06/12  24:00:00,0.0,0.0 
 06/13  01:00:00,0.0,0.0 
 06/13  02:00:00,0.0,0.0 
 06/13  03:00:00,0.0,0.0 
 06/13  04:00:00,0.0,0.0 
 06/13  05:00:00,0.0,0.0 
 06/13  06:00:00,0.0,0.0 
 06/13  07:00:00,0.0,0.0 
 06/13  08:00:00,0.0,0.0 
 06/13  09:00:00,0.0,0.0 
 06/13  10:00:00,0.0,0.0 
 06/13  11:00:00,0.0,0.0 
 06/13  12:00:00,0.0,0.0 
 06/13  13:00:00,0.0,0.0 
 06/13  14:00:00,0.0,0.0 
 06/13  15:00:00,0.0,0.0 
 06/13  16:00:00,0.0,0.0 
 06/13  17:00:00,0.0,0.0 
 06/13  18:00:00,0.0,0.0 
 06/13  19:00:00,0.0,0.0 
 06/13  20:00:00,0.0,0.0 
 06/13  21:00:00,0.0,0.0 
 06/13  22:00:00,0.0,0.0 
 06/13  23:00:00,0.0,0.0 
 06/13  24:00:00,0.0,0.0 
 06/14  01:00:00,0.0,0.0 
 06/14  02:00:00,0.0,0.0 
 06/14  03:00:00,0.0,0.0 
 06/14  04:00:00,0.0,0.0 
 06/14  05:00:00,0.0,0.0 
 06/14  06:00:00,0.0,0.0 
 06/14  07:00:00,0.0,0.0 
 06/14  08:00:00,0.0,0.0 
 06/14  09:00:00,0.0,0.0 
 06/14  10:00:00,0.0,0.0 
 06/14  11:00:00,0.0,0.0 
 06/14  12:00:00,0.0,0.0 
 06/14  13:00:00,0.0,0.0 
 06/14  14:00:00,0.0,0.0 
 06/14  15:00:00,0.0,0.0 
 06/14  16:00:00,0.0,0.0 
 06/14  17:00:00,0.0,0.0 
 06/14  18:00:00,0.0,0.0 
 06/14  19:00:00,0.0,0.0 
 06/14  20:00:00,0.0,0.0 
 06/14  21:00:00,0.0,0.0 
 06/14  22:00:00,0.0,0.0 
 06/14  23:00:00,0.0,0.0 
 06/14  24:00:00,0.0,0.0 
 06/15  01:00:00,0.0,0.0 
 06/15  02:00:00,0.0,0.0 
 06/15  03:00:00,0.0,0.0 
 06/15  04:00:00,0.0,0.0 
 06/15  05:00:00,0.0,0.0 
 06/15  06:00:00,0.0,0.0 
 06/15  07:00:00,0.0,0.0 
 06/15  08:00:00,0.0,0.0 
 06/15  09:00:00,0.0,0.0 
 06/15  10:00:00,0.0,0.0 
 06/15  11:00:00,0.0,0.0 
 06/15  12:00:00,0.0,0.0 
 06/15  13:00:00,0.0,0.0 
 06/15  14:00:00,0.0,0.0 
 06/15  15:00:00,0.0,0.0 
 06/15  16:00:00,0.0,0.0 
 06/15  17:00:00,0.0,0.0 
 06/15  18:00:00,0.0,0.0 
 06/15  19:00:00,0.0,0.0 
 06/15  20:00:00,0.0,0.0 
 06/15  21:00:00,0.0,0.0 
 06/15  22:00:00,0.0,0.0 
 06/15  23:00:00,0.0,0.0 
 06/15  24:00:00,0.0,0.0 
 06/16  01:00:00,0.0,0.0 
 06/16  02:00:00,0.0,0.0 
 06/16  03:00:00,0.0,0.0 
 06/16  04:00:00,0.0,0.0 
 06/16  05:00:00,0.0,0.0 
 06/16  06:00:00,0.0,0.0 
 06/16  07:00:00,0.0,0.0 
 06/16  08:00:00,0.0,0.0 
 06/16  09:00:00,0.0,0.0 
 06/16  10:00:00,0.0,0.0 
 06/16  11:00:00,0.0,0.0 
 06/16  12:00:00,0.0,0.0 
 06/16  13:00:00,0.0,0.0 
 06/16  14:00:00,0.0,0.0 
 06/16  15:00:00,0.0,0.0 
 06/16  16:00:00,0.0,0.0 
 06/16  17:00:00,0.0,0.0 
 06/16  18:00:00,0.0,0.0 
 06/16  19:00:00,0.0,0.0 
 06/16  20:00:00,0.0,0.0 
 06/16  21:00:00,0.0,0.0 
 06/16  22:00:00,0.0,0.0 
 06/16  23:00:00,0.0,0.0 
 06/16  24:00:00,0.0,0.0 
 06/17  01:00:00,0.0,0.0 
 06/17  02:00:00,0.0,0.0 
 06/17  03:00:00,0.0,0.0 
 06/17  04:00:00,0.0,0.0 
 06/17  05:00:00,0.0,0.0 
 06/17  06:00:00,0.0,0.0 
 06/17  07:00:00,0.0,0.0 
 06/17  08:00:00,0.0,0.0 
 06/17  09:00:00,0.0,0.0 
 06/17  10:00:00,0.0,0.0 
 06/17  11:00:00,0.0,0.0 
 06/17  12:00:00,0.0,0.0 
 06/17  13:00:00,0.0,0.0 
 06/17  14:00:00,0.0,0.0 
 06/17  15:00:00,0.0,0.0 
 06/17  16:00:00,0.0,0.0 
 06/17  17:00:00,0.0,0.0 
 06/17  18:00:00,0.0,0.0 
 06/17  19:00:00,0.0,0.0 
 06/17  20:00:00,0.0,0.0 
 06/17  21:00:00,0.0,0.0 
 06/17  22:00:00,0.0,0.0 
 06/17  23:00:00,0.0,0.0 
 06/17  24:00:00,0.0,0.0 
 06/18  01:00:00,0.0,0.0 
 06/18  02:00:00,0.0,0.0 
 06/18  03:00:00,0.0,0.0 
 06/18  04:00:00,0.0,0.0 
 06/18  05:00:00,0.0,0.0 
 06/18  06:00:00,0.0,0.0 
 06/18  07:00:00,0.0,0.0 
 06/18  08:00:00,0.0,0.0 
 06/18  09:00:00,0.0,0.0 
 06/18  10:00:00,0.0,0.0 
 06/18  11:00:00,0.0,0.0 
 06/18  12:00:00,0.0,0.0 
 06/18  13:00:00,0.0,0.0 
 06/18  14:00:00,0.0,0.0 
 06/18  15:00:00,0.0,0.0 
 06/18  16:00:00,0.0,0.0 
 06/18  17:00:00,0.0,0.0 
 06/18  18:00:00,0.0,0.0 
 06/18  19:00:00,0.0,0.0 
 06/18  20:00:00,0.0,0.0 
 06/18  21:00:00,0.0,0.0 
 06/18  22:00:00,0.0,0.0 
 06/18  23:00:00,0.0,0.0 
 06/18  24:00:00,0.0,0.0 
 06/19  01:00:00,0.0,0.0 
 06/19  02:00:00,0.0,0.0 
 06/19  03:00:00,0.0,0.0 
 06/19  04:00:00,0.0,0.0 
 06/19  05:00:00,0.0,0.0 
 06/19  06:00:00,0.0,0.0 
 06/19  07:00:00,0.0,0.0 
 06/19  08:00:00,0.0,0.0 
 06/19  09:00:00,0.0,0.0 
 06/19  10:00:00,0.0,0.0 
 06/19  11:00:00,0.0,0.0 
 06/19  12:00:00,0.0,0.0 
 06/19  13:00:00,0.0,0.0 
 06/19  14:00:00,0.0,0.0 
 06/19  15:00:00,0.0,0.0 
 06/19  16:00:00,0.0,0.0 
 06/19  17:00:00,0.0,0.0 
 06/19  18:00:00,0.0,0.0 
 06/19  19:00:00,0.0,0.0 
 06/19  20:00:00,0.0,0.0 
 06/19  21:00:00,0.0,0.0 
 06/19  22:00:00,0.0,0.0 
 06/19  23:00:00,0.0,0.0 
 06/19  24:00:00,0.0,0.0 
 06/20  01:00:00,0.0,0.0 
 06/20  02:00:00,0.0,0.0 
 06/20  03:00:00,0.0,0.0 
 06/20  04:00:00,0.0,0.0 
 06/20  05:00:00,0.0,0.0 
 06/20  06:00:00,0.0,0.0 
 06/20  07:00:00,0.0,0.0 
 06/20  08:00:00,0.0,0.0 
 06/20  09:00:00,0.0,0.0 
 06/20  10:00:00,0.0,0.0 
 06/20  11:00:00,0.0,0.0 
 06/20  12:00:00,0.0,0.0 
 06/20  13:00:00,0.0,0.0 
 06/20  14:00:00,0.0,0.0 
 06/20  15:00:00,0.0,0.0 
 06/20  16:00:00,0.0,0.0 
 06/20  17:00:00,0.0,0.0 
 06/20  18:00:00,0.0,0.0 
 06/20  19:00:00,0.0,0.0 
 06/20  20:00:00,0.0,0.0 
 06/20  21:00:00,0.0,0.0 
 06/20  22:00:00,0.0,0.0 
 06/20  23:00:00,0.0,0.0 
 06/20  24:00:00,0.0,0.0 
 06/21  01:00:00,0.0,0.0 
 06/21  02:00:00,0.0,0.0 
 06/21  03:00:00,0.0,0.0 
 06/21  04:00:00,0.0,0.0 
 06/21  05:00:00,0.0,0.0 
 06/21  06:00:00,0.0,0.0 
 06/21  07:00:00,0.0,0.0 
 06/21  08:00:00,0.0,0.0 
 06/21  09:00:00,0.0,0.0 
 06/21  10:00:00,0.0,0.0 
 06/21  11:00:00,0.0,0.0 
 06/21  12:00:00,0.0,0.0 
 06/21  13:00:00,0.0,0.0 
 06/21  14:00:00,0.0,0.0 
 06/21  15:00:00,0.0,0.0 
 06/21  16:00:00,0.0,0.0 
 06/21  17:00:00,0.0,0.0 
 06/21  18:00:00,0.0,0.0 
 06/21  19:00:00,0.0,0.0 
 06/21  20:00:00,0.0,0.0 
 06/21  21:00:00,0.0,0.0 
 06/21  22:00:00,0.0,0.0 
 06/21  23:00:00,0.0,0.0 
 06/21  24:00:00,0.0,0.0 
 06/22  01:00:00,0.0,0.0 
 06/22  02:00:00,0.0,0.0 
 06/22  03:00:00,0.0,0.0 
 06/22  04:00:00,0.0,0.0 
 06/22  05:00:00,0.0,0.0 
 06/22  06:00:00,0.0,0.0 
 06/22  07:00:00,0.0,0.0 
 06/22  08:00:00,0.0,0.0 
 06/22  09:00:00,0.0,0.0 
 06/22  10:00:00,0.0,0.0 
 06/22  11:00:00,0.0,0.0 
 06/22  12:00:00,0.0,0.0 
 06/22  13:00:00,0.0,0.0 
 06/22  14:00:00,0.0,0.0 
 06/22  15:00:00,0.0,0.0 
 06/22  16:00:00,0.0,0.0 
 06/22  17:00:00,0.0,0.0 
 06/22  18:00:00,0.0,0.0 
 06/22  19:00:00,0.0,0.0 
 06/22  20:00:00,0.0,0.0 
 06/22  21:00:00,0.0,0.0 
 06/22  22:00:00,0.0,0.0 
 06/22  23:00:00,0.0,0.0 
 06/22  24:00:00,0.0,0.0 
 06/23  01:00:00,0.0,0.0 
 06/23  02:00:00,0.0,0.0 
 06/23  03:00:00,0.0,0.0 
 06/23  04:00:00,0.0,0.0 
 06/23  05:00:00,0.0,0.0 
 06/23  06:00:00,0.0,0.0 
 06/23  07:00:00,0.0,0.0 
 06/23  08:00:00,0.0,0.0 
 06/23  09:00:00,0.0,0.0 
 06/23  10:00:00,0.0,0.0 
 06/23  11:00:00,0.0,0.0 
 06/23  12:00:00,0.0,0.0 
 06/23  13:00:00,0.0,0.0 
 06/23  14:00:00,0.0,0.0 
 06/23  15:00:00,0.0,0.0 
 06/23  16:00:00,0.0,0.0 
 06/23  17:00:00,0.0,0.0 
 06/23  18:00:00,0.0,0.0 
 06/23  19:00:00,0.0,0.0 
 06/23  20:00:00,0.0,0.0 
 06/23  21:00:00,0.0,0.0 
 06/23  22:00:00,0.0,0.0 
 06/23  23:00:00,0.0,0.0 
 06/23  24:00:00,0.0,0.0 
 06/24  01:00:00,0.0,0.0 
 06/24  02:00:00,0.0,0.0 
 06/24  03:00:00,0.0,0.0 
 06/24  04:00:00,0.0,0.0 
 06/24  05:00:00,0.0,0.0 
 06/24  06:00:00,0.0,0.0 
 06/24  07:00:00,0.0,0.0 
 06/24  08:00:00,0.0,0.0 
 06/24  09:00:00,0.0,0.0 
 06/24  10:00:00,0.0,0.0 
 06/24  11:00:00,0.0,0.0 
 06/24  12:00:00,0.0,0.0 
 06/24  13:00:00,0.0,0.0 
 06/24  14:00:00,0.0,0.0 
 06/24  15:00:00,0.0,0.0 
 06/24  16:00:00,0.0,0.0 
 06/24  17:00:00,0.0,0.0 
 06/24  18:00:00,0.0,0.0 
 06/24  19:00:00,0.0,0.0 
 06/24  20:00:00,0.0,0.0 
 06/24  21:00:00,0.0,0.0 
 06/24  22:00:00,0.0,0.0 
 06/24  23:00:00,0.0,0.0 
 06/24  24:00:00,0.0,0.0 
 06/25  01:00:00,0.0,0.0 
 06/25  02:00:00,0.0,0.0 
 06/25  03:00:00,0.0,0.0 
 06/25  04:00:00,0.0,0.0 
 06/25  05:00:00,0.0,0.0 
 06/25  06:00:00,0.0,0.0 
 06/25  07:00:00,0.0,0.0 
 06/25  08:00:00,0.0,0.0 
 06/25  09:00:00,0.0,0.0 
 06/25  10:00:00,0.0,0.0 
 06/25  11:00:00,0.0,0.0 
 06/25  12:00:00,0.0,0.0 
 06/25  13:00:00,0.0,0.0 
 06/25  14:00:00,0.0,0.0 
 06/25  15:00:00,0.0,0.0 
 06/25  16:00:00,0.0,0.0 
 06/25  17:00:00,0.0,0.0 
 06/25  18:00:00,0.0,0.0 
 06/25  19:00:00,0.0,0.0 
 06/25  20:00:00,0.0,0.0 
 06/25  21:00:00,0.0,0.0 
 06/25  22:00:00,0.0,0.0 
 06/25  23:00:00,0.0,0.0 
 06/25  24:00:00,0.0,0.0 
 06/26  01:00:00,0.0,0.0 
 06/26  02:00:00,0.0,0.0 
 06/26  03:00:00,0.0,0.0 
 06/26  04:00:00,0.0,0.0 
 06/26  05:00:00,0.0,0.0 
 06/26  06:00:00,0.0,0.0 
 06/26  07:00:00,0.0,0.0 
 06/26  08:00:00,0.0,0.0 
 06/26  09:00:00,0.0,0.0 
 06/26  10:00:00,0.0,0.0 
 06/26  11:00:00,0.0,0.0 
 06/26  12:00:00,0.0,0.0 
 06/26  13:00:00,0.0,0.0 
 06/26  14:00:00,0.0,0.0 
 06/26  15:00:00,0.0,0.0 
 06/26  16:00:00,0.0,0.0 
 06/26  17:00:00,0.0,0.0 
 06/26  18:00:00,0.0,0.0 
 06/26  19:00:00,0.0,0.0 
 06/26  20:00:00,0.0,0.0 
 06/26  21:00:00,0.0,0.0 
 06/26  22:00:00,0.0,0.0 
 06/26  23:00:00,0.0,0.0 
 06/26  24:00:00,0.0,0.0 
 06/27  01:00:00,0.0,0.0 
 06/27  02:00:00,0.0,0.0 
 06/27  03:00:00,0.0,0.0 
 06/27  04:00:00,0.0,0.0 
 06/27  05:00:00,0.0,0.0 
 06/27  06:00:00,0.0,0.0 
 06/27  07:00:00,0.0,0.0 
 06/27  08:00:00,0.0,0.0 
 06/27  09:00:00,0.0,0.0 
 06/27  10:00:00,0.0,0.0 
 06/27  11:00:00,0.0,0.0 
 06/27  12:00:00,0.0,0.0 
 06/27  13:00:00,0.0,0.0 
 06/27  14:00:00,0.0,0.0 
 06/27  15:00:00,0.0,0.0 
 06/27  16:00:00,0.0,0.0 
 06/27  17:00:00,0.0,0.0 
 06/27  18:00:00,0.0,0.0 
 06/27  19:00:00,0.0,0.0 
 06/27  20:00:00,0.0,0.0 
 06/27  21:00:00,0.0,0.0 
 06/27  22:00:00,0.0,0.0 
 06/27  23:00:00,0.0,0.0 
 06/27  24:00:00,0.0,0.0 
 06/28  01:00:00,0.0,0.0 
 06/28  02:00:00,0.0,0.0 
 06/28  03:00:00,0.0,0.0 
 06/28  04:00:00,0.0,0.0 
 06/28  05:00:00,0.0,0.0 
 06/28  06:00:00,0.0,0.0 
 06/28  07:00:00,0.0,0.0 
 06/28  08:00:00,0.0,0.0 
 06/28  09:00:00,0.0,0.0 
 06/28  10:00:00,0.0,0.0 
 06/28  11:00:00,0.0,0.0 
 06/28  12:00:00,0.0,0.0 
 06/28  13:00:00,0.0,0.0 
 06/28  14:00:00,0.0,0.0 
 06/28  15:00:00,0.0,0.0 
 06/28  16:00:00,0.0,0.0 
 06/28  17:00:00,0.0,0.0 
 06/28  18:00:00,0.0,0.0 
 06/28  19:00:00,0.0,0.0 
 06/28  20:00:00,0.0,0.0 
 06/28  21:00:00,0.0,0.0 
 06/28  22:00:00,0.0,0.0 
 06/28  23:00:00,0.0,0.0 
 06/28  24:00:00,0.0,0.0 
 06/29  01:00:00,0.0,0.0 
 06/29  02:00:00,0.0,0.0 
 06/29  03:00:00,0.0,0.0 
 06/29  04:00:00,0.0,0.0 
 06/29  05:00:00,0.0,0.0 
 06/29  06:00:00,0.0,0.0 
 06/29  07:00:00,0.0,0.0 
 06/29  08:00:00,0.0,0.0 
 06/29  09:00:00,0.0,0.0 
 06/29  10:00:00,0.0,0.0 
 06/29  11:00:00,0.0,0.0 
 06/29  12:00:00,0.0,0.0 
 06/29  13:00:00,0.0,0.0 
 06/29  14:00:00,0.0,0.0 
 06/29  15:00:00,0.0,0.0 
 06/29  16:00:00,0.0,0.0 
 06/29  17:00:00,0.0,0.0 
 06/29  18:00:00,0.0,0.0 
 06/29  19:00:00,0.0,0.0 
 06/29  20:00:00,0.0,0.0 
 06/29  21:00:00,0.0,0.0 
 06/29  22:00:00,0.0,0.0 
 06/29  23:00:00,0.0,0.0 
 06/29  24:00:00,0.0,0.0 
 06/30  01:00:00,0.0,0.0 
 06/30  02:00:00,0.0,0.0 
 06/30  03:00:00,0.0,0.0 
 06/30  04:00:00,0.0,0.0 
 06/30  05:00:00,0.0,0.0 
 06/30  06:00:00,0.0,0.0 
 06/30  07:00:00,0.0,0.0 
 06/30  08:00:00,0.0,0.0 
 06/30  09:00:00,0.0,0.0 
 06/30  10:00:00,0.0,0.0 
 06/30  11:00:00,0.0,0.0 
 06/30  12:00:00,0.0,0.0 
 06/30  13:00:00,0.0,0.0 
 06/30  14:00:00,0.0,0.0 
 06/30  15:00:00,0.0,0.0 
 06/30  16:00:00,0.0,0.0 
 06/30  17:00:00,0.0,0.0 
 06/30  18:00:00,0.0,0.0 
 06/30  19:00:00,0.0,0.0 
 06/30  20:00:00,0.0,0.0 
 06/30  21:00:00,0.0,0.0 
 06/30  22:00:00,0.0,0.0 
 06/30  23:00:00,0.0,0.0 
 06/30  24:00:00,0.0,0.0 
 07/01  01:00:00,0.0,0.0 
 07/01  02:00:00,0.0,0.0 
 07/01  03:00:00,0.0,0.0 
 07/01  04:00:00,0.0,0.0 
 07/01  05:00:00,0.0,0.0 
 07/01  06:00:00,0.0,0.0 
 07/01  07:00:00,0.0,0.0 
 07/01  08:00:00,0.0,0.0 
 07/01  09:00:00,0.0,0.0 
 07/01  10:00:00,0.0,0.0 
 07/01  11:00:00,0.0,0.0 
 07/01  12:00:00,0.0,0.0 
 07/01  13:00:00,0.0,0.0 
 07/01  14:00:00,0.0,0.0 
 07/01  15:00:00,0.0,0.0 
 07/01  16:00:00,0.0,0.0 
 07/01  17:00:00,0.0,0.0 
 07/01  18:00:00,0.0,0.0 
 07/01  19:00:00,0.0,0.0 
 07/01  20:00:00,0.0,0.0 
 07/01  21:00:00,0.0,0.0 
 07/01  22:00:00,0.0,0.0 
 07/01  23:00:00,0.0,0.0 
 07/01  24:00:00,0.0,0.0 
 07/02  01:00:00,0.0,0.0 
 07/02  02:00:00,0.0,0.0 
 07/02  03:00:00,0.0,0.0 
 07/02  04:00:00,0.0,0.0 
 07/02  05:00:00,0.0,0.0 
 07/02  06:00:00,0.0,0.0 
 07/02  07:00:00,0.0,0.0 
 07/02  08:00:00,0.0,0.0 
 07/02  09:00:00,0.0,0.0 
 07/02  10:00:00,0.0,0.0 
 07/02  11:00:00,0.0,0.0 
 07/02  12:00:00,0.0,0.0 
 07/02  13:00:00,0.0,0.0 
 07/02  14:00:00,0.0,0.0 
 07/02  15:00:00,0.0,0.0 
 07/02  16:00:00,0.0,0.0 
 07/02  17:00:00,0.0,0.0 
 07/02  18:00:00,0.0,0.0 
 07/02  19:00:00,0.0,0.0 
 07/02  20:00:00,0.0,0.0 
 07/02  21:00:00,0.0,0.0 
 07/02  22:00:00,0.0,0.0 
 07/02  23:00:00,0.0,0.0 
 07/02  24:00:00,0.0,0.0 
 07/03  01:00:00,0.0,0.0 
 07/03  02:00:00,0.0,0.0 
 07/03  03:00:00,0.0,0.0 
 07/03  04:00:00,0.0,0.0 
 07/03  05:00:00,0.0,0.0 
 07/03  06:00:00,0.0,0.0 
 07/03  07:00:00,0.0,0.0 
 07/03  08:00:00,0.0,0.0 
 07/03  09:00:00,0.0,0.0 
 07/03  10:00:00,0.0,0.0 
 07/03  11:00:00,0.0,0.0 
 07/03  12:00:00,0.0,0.0 
 07/03  13:00:00,0.0,0.0 
 07/03  14:00:00,0.0,0.0 
 07/03  15:00:00,0.0,0.0 
 07/03  16:00:00,0.0,0.0 
 07/03  17:00:00,0.0,0.0 
 07/03  18:00:00,0.0,0.0 
 07/03  19:00:00,0.0,0.0 
 07/03  20:00:00,0.0,0.0 
 07/03  21:00:00,0.0,0.0 
 07/03  22:00:00,0.0,0.0 
 07/03  23:00:00,0.0,0.0 
 07/03  24:00:00,0.0,0.0 
 07/04  01:00:00,0.0,0.0 
 07/04  02:00:00,0.0,0.0 
 07/04  03:00:00,0.0,0.0 
 07/04  04:00:00,0.0,0.0 
 07/04  05:00:00,0.0,0.0 
 07/04  06:00:00,0.0,0.0 
 07/04  07:00:00,0.0,0.0 
 07/04  08:00:00,0.0,0.0 
 07/04  09:00:00,0.0,0.0 
 07/04  10:00:00,0.0,0.0 
 07/04  11:00:00,0.0,0.0 
 07/04  12:00:00,0.0,0.0 
 07/04  13:00:00,0.0,0.0 
 07/04  14:00:00,0.0,0.0 
 07/04  15:00:00,0.0,0.0 
 07/04  16:00:00,0.0,0.0 
 07/04  17:00:00,0.0,0.0 
 07/04  18:00:00,0.0,0.0 
 07/04  19:00:00,0.0,0.0 
 07/04  20:00:00,0.0,0.0 
 07/04  21:00:00,0.0,0.0 
 07/04  22:00:00,0.0,0.0 
 07/04  23:00:00,0.0,0.0 
 07/04  24:00:00,0.0,0.0 
 07/05  01:00:00,0.0,0.0 
 07/05  02:00:00,0.0,0.0 
 07/05  03:00:00,0.0,0.0 
 07/05  04:00:00,0.0,0.0 
 07/05  05:00:00,0.0,0.0 
 07/05  06:00:00,0.0,0.0 
 07/05  07:00:00,0.0,0.0 
 07/05  08:00:00,0.0,0.0 
 07/05  09:00:00,0.0,0.0 
 07/05  10:00:00,0.0,0.0 
 07/05  11:00:00,0.0,0.0 
 07/05  12:00:00,0.0,0.0 
 07/05  13:00:00,0.0,0.0 
 07/05  14:00:00,0.0,0.0 
 07/05  15:00:00,0.0,0.0 
 07/05  16:00:00,0.0,0.0 
 07/05  17:00:00,0.0,0.0 
 07/05  18:00:00,0.0,0.0 
 07/05  19:00:00,0.0,0.0 
 07/05  20:00:00,0.0,0.0 
 07/05  21:00:00,0.0,0.0 
 07/05  22:00:00,0.0,0.0 
 07/05  23:00:00,0.0,0.0 
 07/05  24:00:00,0.0,0.0 
 07/06  01:00:00,0.0,0.0 
 07/06  02:00:00,0.0,0.0 
 07/06  03:00:00,0.0,0.0 
 07/06  04:00:00,0.0,0.0 
 07/06  05:00:00,0.0,0.0 
 07/06  06:00:00,0.0,0.0 
 07/06  07:00:00,0.0,0.0 
 07/06  08:00:00,0.0,0.0 
 07/06  09:00:00,0.0,0.0 
 07/06  10:00:00,0.0,0.0 
 07/06  11:00:00,0.0,0.0 
 07/06  12:00:00,0.0,0.0 
 07/06  13:00:00,0.0,0.0 
 07/06  14:00:00,0.0,0.0 
 07/06  15:00:00,0.0,0.0 
 07/06  16:00:00,0.0,0.0 
 07/06  17:00:00,0.0,0.0 
 07/06  18:00:00,0.0,0.0 
 07/06  19:00:00,0.0,0.0 
 07/06  20:00:00,0.0,0.0 
 07/06  21:00:00,0.0,0.0 
 07/06  22:00:00,0.0,0.0 
 07/06  23:00:00,0.0,0.0 
 07/06  24:00:00,0.0,0.0 
 07/07  01:00:00,0.0,0.0 
 07/07  02:00:00,0.0,0.0 
 07/07  03:00:00,0.0,0.0 
 07/07  04:00:00,0.0,0.0 
 07/07  05:00:00,0.0,0.0 
 07/07  06:00:00,0.0,0.0 
 07/07  07:00:00,0.0,0.0 
 07/07  08:00:00,0.0,0.0 
 07/07  09:00:00,0.0,0.0 
 07/07  10:00:00,0.0,0.0 
 07/07  11:00:00,0.0,0.0 
 07/07  12:00:00,0.0,0.0 
 07/07  13:00:00,0.0,0.0 
 07/07  14:00:00,0.0,0.0 
 07/07  15:00:00,0.0,0.0 
 07/07  16:00:00,0.0,0.0 
 07/07  17:00:00,0.0,0.0 
 07/07  18:00:00,0.0,0.0 
 07/07  19:00:00,0.0,0.0 
 07/07  20:00:00,0.0,0.0 
 07/07  21:00:00,0.0,0.0 
 07/07  22:00:00,0.0,0.0 
 07/07  23:00:00,0.0,0.0 
 07/07  24:00:00,0.0,0.0 
 07/08  01:00:00,0.0,0.0 
 07/08  02:00:00,0.0,0.0 
 07/08  03:00:00,0.0,0.0 
 07/08  04:00:00,0.0,0.0 
 07/08  05:00:00,0.0,0.0 
 07/08  06:00:00,0.0,0.0 
 07/08  07:00:00,0.0,0.0 
 07/08  08:00:00,0.0,0.0 
 07/08  09:00:00,0.0,0.0 
 07/08  10:00:00,0.0,0.0 
 07/08  11:00:00,0.0,0.0 
 07/08  12:00:00,0.0,0.0 
 07/08  13:00:00,0.0,0.0 
 07/08  14:00:00,0.0,0.0 
 07/08  15:00:00,0.0,0.0 
 07/08  16:00:00,0.0,0.0 
 07/08  17:00:00,0.0,0.0 
 07/08  18:00:00,0.0,0.0 
 07/08  19:00:00,0.0,0.0 
 07/08  20:00:00,0.0,0.0 
 07/08  21:00:00,0.0,0.0 
 07/08  22:00:00,0.0,0.0 
 07/08  23:00:00,0.0,0.0 
 07/08  24:00:00,0.0,0.0 
 07/09  01:00:00,0.0,0.0 
 07/09  02:00:00,0.0,0.0 
 07/09  03:00:00,0.0,0.0 
 07/09  04:00:00,0.0,0.0 
 07/09  05:00:00,0.0,0.0 
 07/09  06:00:00,0.0,0.0 
 07/09  07:00:00,0.0,0.0 
 07/09  08:00:00,0.0,0.0 
 07/09  09:00:00,0.0,0.0 
 07/09  10:00:00,0.0,0.0 
 07/09  11:00:00,0.0,0.0 
 07/09  12:00:00,0.0,0.0 
 07/09  13:00:00,0.0,0.0 
 07/09  14:00:00,0.0,0.0 
 07/09  15:00:00,0.0,0.0 
 07/09  16:00:00,0.0,0.0 
 07/09  17:00:00,0.0,0.0 
 07/09  18:00:00,0.0,0.0 
 07/09  19:00:00,0.0,0.0 
 07/09  20:00:00,0.0,0.0 
 07/09  21:00:00,0.0,0.0 
 07/09  22:00:00,0.0,0.0 
 07/09  23:00:00,0.0,0.0 
 07/09  24:00:00,0.0,0.0 
 07/10  01:00:00,0.0,0.0 
 07/10  02:00:00,0.0,0.0 
 07/10  03:00:00,0.0,0.0 
 07/10  04:00:00,0.0,0.0 
 07/10  05:00:00,0.0,0.0 
 07/10  06:00:00,0.0,0.0 
 07/10  07:00:00,0.0,0.0 
 07/10  08:00:00,0.0,0.0 
 07/10  09:00:00,0.0,0.0 
 07/10  10:00:00,0.0,0.0 
 07/10  11:00:00,0.0,0.0 
 07/10  12:00:00,0.0,0.0 
 07/10  13:00:00,0.0,0.0 
 07/10  14:00:00,0.0,0.0 
 07/10  15:00:00,0.0,0.0 
 07/10  16:00:00,0.0,0.0 
 07/10  17:00:00,0.0,0.0 
 07/10  18:00:00,0.0,0.0 
 07/10  19:00:00,0.0,0.0 
 07/10  20:00:00,0.0,0.0 
 07/10  21:00:00,0.0,0.0 
 07/10  22:00:00,0.0,0.0 
 07/10  23:00:00,0.0,0.0 
 07/10  24:00:00,0.0,0.0 
 07/11  01:00:00,0.0,0.0 
 07/11  02:00:00,0.0,0.0 
 07/11  03:00:00,0.0,0.0 
 07/11  04:00:00,0.0,0.0 
 07/11  05:00:00,0.0,0.0 
 07/11  06:00:00,0.0,0.0 
 07/11  07:00:00,0.0,0.0 
 07/11  08:00:00,0.0,0.0 
 07/11  09:00:00,0.0,0.0 
 07/11  10:00:00,0.0,0.0 
 07/11  11:00:00,0.0,0.0 
 07/11  12:00:00,0.0,0.0 
 07/11  13:00:00,0.0,0.0 
 07/11  14:00:00,0.0,0.0 
 07/11  15:00:00,0.0,0.0 
 07/11  16:00:00,0.0,0.0 
 07/11  17:00:00,0.0,0.0 
 07/11  18:00:00,0.0,0.0 
 07/11  19:00:00,0.0,0.0 
 07/11  20:00:00,0.0,0.0 
 07/11  21:00:00,0.0,0.0 
 07/11  22:00:00,0.0,0.0 
 07/11  23:00:00,0.0,0.0 
 07/11  24:00:00,0.0,0.0 
 07/12  01:00:00,0.0,0.0 
 07/12  02:00:00,0.0,0.0 
 07/12  03:00:00,0.0,0.0 
 07/12  04:00:00,0.0,0.0 
 07/12  05:00:00,0.0,0.0 
 07/12  06:00:00,0.0,0.0 
 07/12  07:00:00,0.0,0.0 
 07/12  08:00:00,0.0,0.0 
 07/12  09:00:00,0.0,0.0 
 07/12  10:00:00,0.0,0.0 
 07/12  11:00:00,0.0,0.0 
 07/12  12:00:00,0.0,0.0 
 07/12  13:00:00,0.0,0.0 
 07/12  14:00:00,0.0,0.0 
 07/12  15:00:00,0.0,0.0 
 07/12  16:00:00,0.0,0.0 
 07/12  17:00:00,0.0,0.0 
 07/12  18:00:00,0.0,0.0 
 07/12  19:00:00,0.0,0.0 
 07/12  20:00:00,0.0,0.0 
 07/12  21:00:00,0.0,0.0 
 07/12  22:00:00,0.0,0.0 
 07/12  23:00:00,0.0,0.0 
 07/12  24:00:00,0.0,0.0 
 07/13  01:00:00,0.0,0.0 
 07/13  02:00:00,0.0,0.0 
 07/13  03:00:00,0.0,0.0 
 07/13  04:00:00,0.0,0.0 
 07/13  05:00:00,0.0,0.0 
 07/13  06:00:00,0.0,0.0 
 07/13  07:00:00,0.0,0.0 
 07/13  08:00:00,0.0,0.0 
 07/13  09:00:00,0.0,0.0 
 07/13  10:00:00,0.0,0.0 
 07/13  11:00:00,0.0,0.0 
 07/13  12:00:00,0.0,0.0 
 07/13  13:00:00,0.0,0.0 
 07/13  14:00:00,0.0,0.0 
 07/13  15:00:00,0.0,0.0 
 07/13  16:00:00,0.0,0.0 
 07/13  17:00:00,0.0,0.0 
 07/13  18:00:00,0.0,0.0 
 07/13  19:00:00,0.0,0.0 
 07/13  20:00:00,0.0,0.0 
 07/13  21:00:00,0.0,0.0 
 07/13  22:00:00,0.0,0.0 
 07/13  23:00:00,0.0,0.0 
 07/13  24:00:00,0.0,0.0 
 07/14  01:00:00,0.0,0.0 
 07/14  02:00:00,0.0,0.0 
 07/14  03:00:00,0.0,0.0 
 07/14  04:00:00,0.0,0.0 
 07/14  05:00:00,0.0,0.0 
 07/14  06:00:00,0.0,0.0 
 07/14  07:00:00,0.0,0.0 
 07/14  08:00:00,0.0,0.0 
 07/14  09:00:00,0.0,0.0 
 07/14  10:00:00,0.0,0.0 
 07/14  11:00:00,0.0,0.0 
 07/14  12:00:00,0.0,0.0 
 07/14  13:00:00,0.0,0.0 
 07/14  14:00:00,0.0,0.0 
 07/14  15:00:00,0.0,0.0 
 07/14  16:00:00,0.0,0.0 
 07/14  17:00:00,0.0,0.0 
 07/14  18:00:00,0.0,0.0 
 07/14  19:00:00,0.0,0.0 
 07/14  20:00:00,0.0,0.0 
 07/14  21:00:00,0.0,0.0 
 07/14  22:00:00,0.0,0.0 
 07/14  23:00:00,0.0,0.0 
 07/14  24:00:00,0.0,0.0 
 07/15  01:00:00,0.0,0.0 
 07/15  02:00:00,0.0,0.0 
 07/15  03:00:00,0.0,0.0 
 07/15  04:00:00,0.0,0.0 
 07/15  05:00:00,0.0,0.0 
 07/15  06:00:00,0.0,0.0 
 07/15  07:00:00,0.0,0.0 
 07/15  08:00:00,0.0,0.0 
 07/15  09:00:00,0.0,0.0 
 07/15  10:00:00,0.0,0.0 
 07/15  11:00:00,0.0,0.0 
 07/15  12:00:00,0.0,0.0 
 07/15  13:00:00,0.0,0.0 
 07/15  14:00:00,0.0,0.0 
 07/15  15:00:00,0.0,0.0 
 07/15  16:00:00,0.0,0.0 
 07/15  17:00:00,0.0,0.0 
 07/15  18:00:00,0.0,0.0 
 07/15  19:00:00,0.0,0.0 
 07/15  20:00:00,0.0,0.0 
 07/15  21:00:00,0.0,0.0 
 07/15  22:00:00,0.0,0.0 
 07/15  23:00:00,0.0,0.0 
 07/15  24:00:00,0.0,0.0 
 07/16  01:00:00,0.0,0.0 
 07/16  02:00:00,0.0,0.0 
 07/16  03:00:00,0.0,0.0 
 07/16  04:00:00,0.0,0.0 
 07/16  05:00:00,0.0,0.0 
 07/16  06:00:00,0.0,0.0 
 07/16  07:00:00,0.0,0.0 
 07/16  08:00:00,0.0,0.0 
 07/16  09:00:00,0.0,0.0 
 07/16  10:00:00,0.0,0.0 
 07/16  11:00:00,0.0,0.0 
 07/16  12:00:00,0.0,0.0 
 07/16  13:00:00,0.0,0.0 
 07/16  14:00:00,0.0,0.0 
 07/16  15:00:00,0.0,0.0 
 07/16  16:00:00,0.0,0.0 
 07/16  17:00:00,0.0,0.0 
 07/16  18:00:00,0.0,0.0 
 07/16  19:00:00,0.0,0.0 
 07/16  20:00:00,0.0,0.0 
 07/16  21:00:00,0.0,0.0 
 07/16  22:00:00,0.0,0.0 
 07/16  23:00:00,0.0,0.0 
 07/16  24:00:00,0.0,0.0 
 07/17  01:00:00,0.0,0.0 
 07/17  02:00:00,0.0,0.0 
 07/17  03:00:00,0.0,0.0 
 07/17  04:00:00,0.0,0.0 
 07/17  05:00:00,0.0,0.0 
 07/17  06:00:00,0.0,0.0 
 07/17  07:00:00,0.0,0.0 
 07/17  08:00:00,0.0,0.0 
 07/17  09:00:00,0.0,0.0 
 07/17  10:00:00,0.0,0.0 
 07/17  11:00:00,0.0,0.0 
 07/17  12:00:00,0.0,0.0 
 07/17  13:00:00,0.0,0.0 
 07/17  14:00:00,0.0,0.0 
 07/17  15:00:00,0.0,0.0 
 07/17  16:00:00,0.0,0.0 
 07/17  17:00:00,0.0,0.0 
 07/17  18:00:00,0.0,0.0 
 07/17  19:00:00,0.0,0.0 
 07/17  20:00:00,0.0,0.0 
 07/17  21:00:00,0.0,0.0 
 07/17  22:00:00,0.0,0.0 
 07/17  23:00:00,0.0,0.0 
 07/17  24:00:00,0.0,0.0 
 07/18  01:00:00,0.0,0.0 
 07/18  02:00:00,0.0,0.0 
 07/18  03:00:00,0.0,0.0 
 07/18  04:00:00,0.0,0.0 
 07/18  05:00:00,0.0,0.0 
 07/18  06:00:00,0.0,0.0 
 07/18  07:00:00,0.0,0.0 
 07/18  08:00:00,0.0,0.0 
 07/18  09:00:00,0.0,0.0 
 07/18  10:00:00,0.0,0.0 
 07/18  11:00:00,0.0,0.0 
 07/18  12:00:00,0.0,0.0 
 07/18  13:00:00,0.0,0.0 
 07/18  14:00:00,0.0,0.0 
 07/18  15:00:00,0.0,0.0 
 07/18  16:00:00,0.0,0.0 
 07/18  17:00:00,0.0,0.0 
 07/18  18:00:00,0.0,0.0 
 07/18  19:00:00,0.0,0.0 
 07/18  20:00:00,0.0,0.0 
 07/18  21:00:00,0.0,0.0 
 07/18  22:00:00,0.0,0.0 
 07/18  23:00:00,0.0,0.0 
 07/18  24:00:00,0.0,0.0 
 07/19  01:00:00,0.0,0.0 
 07/19  02:00:00,0.0,0.0 
 07/19  03:00:00,0.0,0.0 
 07/19  04:00:00,0.0,0.0 
 07/19  05:00:00,0.0,0.0 
 07/19  06:00:00,0.0,0.0 
 07/19  07:00:00,0.0,0.0 
 07/19  08:00:00,0.0,0.0 
 07/19  09:00:00,0.0,0.0 
 07/19  10:00:00,0.0,0.0 
 07/19  11:00:00,0.0,0.0 
 07/19  12:00:00,0.0,0.0 
 07/19  13:00:00,0.0,0.0 
 07/19  14:00:00,0.0,0.0 
 07/19  15:00:00,0.0,0.0 
 07/19  16:00:00,0.0,0.0 
 07/19  17:00:00,0.0,0.0 
 07/19  18:00:00,0.0,0.0 
 07/19  19:00:00,0.0,0.0 
 07/19  20:00:00,0.0,0.0 
 07/19  21:00:00,0.0,0.0 
 07/19  22:00:00,0.0,0.0 
 07/19  23:00:00,0.0,0.0 
 07/19  24:00:00,0.0,0.0 
 07/20  01:00:00,0.0,0.0 
 07/20  02:00:00,0.0,0.0 
 07/20  03:00:00,0.0,0.0 
 07/20  04:00:00,0.0,0.0 
 07/20  05:00:00,0.0,0.0 
 07/20  06:00:00,0.0,0.0 
 07/20  07:00:00,0.0,0.0 
 07/20  08:00:00,0.0,0.0 
 07/20  09:00:00,0.0,0.0 
 07/20  10:00:00,0.0,0.0 
 07/20  11:00:00,0.0,0.0 
 07/20  12:00:00,0.0,0.0 
 07/20  13:00:00,0.0,0.0 
 07/20  14:00:00,0.0,0.0 
 07/20  15:00:00,0.0,0.0 
 07/20  16:00:00,0.0,0.0 
 07/20  17:00:00,0.0,0.0 
 07/20  18:00:00,0.0,0.0 
 07/20  19:00:00,0.0,0.0 
 07/20  20:00:00,0.0,0.0 
 07/20  21:00:00,0.0,0.0 
 07/20  22:00:00,0.0,0.0 
 07/20  23:00:00,0.0,0.0 
 07/20  24:00:00,0.0,0.0 
 07/21  01:00:00,0.0,0.0 
 07/21  02:00:00,0.0,0.0 
 07/21  03:00:00,0.0,0.0 
 07/21  04:00:00,0.0,0.0 
 07/21  05:00:00,0.0,0.0 
 07/21  06:00:00,0.0,0.0 
 07/21  07:00:00,0.0,0.0 
 07/21  08:00:00,0.0,0.0 
 07/21  09:00:00,0.0,0.0 
 07/21  10:00:00,0.0,0.0 
 07/21  11:00:00,0.0,0.0 
 07/21  12:00:00,0.0,0.0 
 07/21  13:00:00,0.0,0.0 
 07/21  14:00:00,0.0,0.0 
 07/21  15:00:00,0.0,0.0 
 07/21  16:00:00,0.0,0.0 
 07/21  17:00:00,0.0,0.0 
 07/21  18:00:00,0.0,0.0 
 07/21  19:00:00,0.0,0.0 
 07/21  20:00:00,0.0,0.0 
 07/21  21:00:00,0.0,0.0 
 07/21  22:00:00,0.0,0.0 
 07/21  23:00:00,0.0,0.0 
 07/21  24:00:00,0.0,0.0 
 07/22  01:00:00,0.0,0.0 
 07/22  02:00:00,0.0,0.0 
 07/22  03:00:00,0.0,0.0 
 07/22  04:00:00,0.0,0.0 
 07/22  05:00:00,0.0,0.0 
 07/22  06:00:00,0.0,0.0 
 07/22  07:00:00,0.0,0.0 
 07/22  08:00:00,0.0,0.0 
 07/22  09:00:00,0.0,0.0 
 07/22  10:00:00,0.0,0.0 
 07/22  11:00:00,0.0,0.0 
 07/22  12:00:00,0.0,0.0 
 07/22  13:00:00,0.0,0.0 
 07/22  14:00:00,0.0,0.0 
 07/22  15:00:00,0.0,0.0 
 07/22  16:00:00,0.0,0.0 
 07/22  17:00:00,0.0,0.0 
 07/22  18:00:00,0.0,0.0 
 07/22  19:00:00,0.0,0.0 
 07/22  20:00:00,0.0,0.0 
 07/22  21:00:00,0.0,0.0 
 07/22  22:00:00,0.0,0.0 
 07/22  23:00:00,0.0,0.0 
 07/22  24:00:00,0.0,0.0 
 07/23  01:00:00,0.0,0.0 
 07/23  02:00:00,0.0,0.0 
 07/23  03:00:00,0.0,0.0 
 07/23  04:00:00,0.0,0.0 
 07/23  05:00:00,0.0,0.0 
 07/23  06:00:00,0.0,0.0 
 07/23  07:00:00,0.0,0.0 
 07/23  08:00:00,0.0,0.0 
 07/23  09:00:00,0.0,0.0 
 07/23  10:00:00,0.0,0.0 
 07/23  11:00:00,0.0,0.0 
 07/23  12:00:00,0.0,0.0 
 07/23  13:00:00,0.0,0.0 
 07/23  14:00:00,0.0,0.0 
 07/23  15:00:00,0.0,0.0 
 07/23  16:00:00,0.0,0.0 
 07/23  17:00:00,0.0,0.0 
 07/23  18:00:00,0.0,0.0 
 07/23  19:00:00,0.0,0.0 
 07/23  20:00:00,0.0,0.0 
 07/23  21:00:00,0.0,0.0 
 07/23  22:00:00,0.0,0.0 
 07/23  23:00:00,0.0,0.0 
 07/23  24:00:00,0.0,0.0 
 07/24  01:00:00,0.0,0.0 
 07/24  02:00:00,0.0,0.0 
 07/24  03:00:00,0.0,0.0 
 07/24  04:00:00,0.0,0.0 
 07/24  05:00:00,0.0,0.0 
 07/24  06:00:00,0.0,0.0 
 07/24  07:00:00,0.0,0.0 
 07/24  08:00:00,0.0,0.0 
 07/24  09:00:00,0.0,0.0 
 07/24  10:00:00,0.0,0.0 
 07/24  11:00:00,0.0,0.0 
 07/24  12:00:00,0.0,0.0 
 07/24  13:00:00,0.0,0.0 
 07/24  14:00:00,0.0,0.0 
 07/24  15:00:00,0.0,0.0 
 07/24  16:00:00,0.0,0.0 
 07/24  17:00:00,0.0,0.0 
 07/24  18:00:00,0.0,0.0 
 07/24  19:00:00,0.0,0.0 
 07/24  20:00:00,0.0,0.0 
 07/24  21:00:00,0.0,0.0 
 07/24  22:00:00,0.0,0.0 
 07/24  23:00:00,0.0,0.0 
 07/24  24:00:00,0.0,0.0 
 07/25  01:00:00,0.0,0.0 
 07/25  02:00:00,0.0,0.0 
 07/25  03:00:00,0.0,0.0 
 07/25  04:00:00,0.0,0.0 
 07/25  05:00:00,0.0,0.0 
 07/25  06:00:00,0.0,0.0 
 07/25  07:00:00,0.0,0.0 
 07/25  08:00:00,0.0,0.0 
 07/25  09:00:00,0.0,0.0 
 07/25  10:00:00,0.0,0.0 
 07/25  11:00:00,0.0,0.0 
 07/25  12:00:00,0.0,0.0 
 07/25  13:00:00,0.0,0.0 
 07/25  14:00:00,0.0,0.0 
 07/25  15:00:00,0.0,0.0 
 07/25  16:00:00,0.0,0.0 
 07/25  17:00:00,0.0,0.0 
 07/25  18:00:00,0.0,0.0 
 07/25  19:00:00,0.0,0.0 
 07/25  20:00:00,0.0,0.0 
 07/25  21:00:00,0.0,0.0 
 07/25  22:00:00,0.0,0.0 
 07/25  23:00:00,0.0,0.0 
 07/25  24:00:00,0.0,0.0 
 07/26  01:00:00,0.0,0.0 
 07/26  02:00:00,0.0,0.0 
 07/26  03:00:00,0.0,0.0 
 07/26  04:00:00,0.0,0.0 
 07/26  05:00:00,0.0,0.0 
 07/26  06:00:00,0.0,0.0 
 07/26  07:00:00,0.0,0.0 
 07/26  08:00:00,0.0,0.0 
 07/26  09:00:00,0.0,0.0 
 07/26  10:00:00,0.0,0.0 
 07/26  11:00:00,0.0,0.0 
 07/26  12:00:00,0.0,0.0 
 07/26  13:00:00,0.0,0.0 
 07/26  14:00:00,0.0,0.0 
 07/26  15:00:00,0.0,0.0 
 07/26  16:00:00,0.0,0.0 
 07/26  17:00:00,0.0,0.0 
 07/26  18:00:00,0.0,0.0 
 07/26  19:00:00,0.0,0.0 
 07/26  20:00:00,0.0,0.0 
 07/26  21:00:00,0.0,0.0 
 07/26  22:00:00,0.0,0.0 
 07/26  23:00:00,0.0,0.0 
 07/26  24:00:00,0.0,0.0 
 07/27  01:00:00,0.0,0.0 
 07/27  02:00:00,0.0,0.0 
 07/27  03:00:00,0.0,0.0 
 07/27  04:00:00,0.0,0.0 
 07/27  05:00:00,0.0,0.0 
 07/27  06:00:00,0.0,0.0 
 07/27  07:00:00,0.0,0.0 
 07/27  08:00:00,0.0,0.0 
 07/27  09:00:00,0.0,0.0 
 07/27  10:00:00,0.0,0.0 
 07/27  11:00:00,0.0,0.0 
 07/27  12:00:00,0.0,0.0 
 07/27  13:00:00,0.0,0.0 
 07/27  14:00:00,0.0,0.0 
 07/27  15:00:00,0.0,0.0 
 07/27  16:00:00,0.0,0.0 
 07/27  17:00:00,0.0,0.0 
 07/27  18:00:00,0.0,0.0 
 07/27  19:00:00,0.0,0.0 
 07/27  20:00:00,0.0,0.0 
 07/27  21:00:00,0.0,0.0 
 07/27  22:00:00,0.0,0.0 
 07/27  23:00:00,0.0,0.0 
 07/27  24:00:00,0.0,0.0 
 07/28  01:00:00,0.0,0.0 
 07/28  02:00:00,0.0,0.0 
 07/28  03:00:00,0.0,0.0 
 07/28  04:00:00,0.0,0.0 
 07/28  05:00:00,0.0,0.0 
 07/28  06:00:00,0.0,0.0 
 07/28  07:00:00,0.0,0.0 
 07/28  08:00:00,0.0,0.0 
 07/28  09:00:00,0.0,0.0 
 07/28  10:00:00,0.0,0.0 
 07/28  11:00:00,0.0,0.0 
 07/28  12:00:00,0.0,0.0 
 07/28  13:00:00,0.0,0.0 
 07/28  14:00:00,0.0,0.0 
 07/28  15:00:00,0.0,0.0 
 07/28  16:00:00,0.0,0.0 
 07/28  17:00:00,0.0,0.0 
 07/28  18:00:00,0.0,0.0 
 07/28  19:00:00,0.0,0.0 
 07/28  20:00:00,0.0,0.0 
 07/28  21:00:00,0.0,0.0 
 07/28  22:00:00,0.0,0.0 
 07/28  23:00:00,0.0,0.0 
 07/28  24:00:00,0.0,0.0 
 07/29  01:00:00,0.0,0.0 
 07/29  02:00:00,0.0,0.0 
 07/29  03:00:00,0.0,0.0 
 07/29  04:00:00,0.0,0.0 
 07/29  05:00:00,0.0,0.0 
 07/29  06:00:00,0.0,0.0 
 07/29  07:00:00,0.0,0.0 
 07/29  08:00:00,0.0,0.0 
 07/29  09:00:00,0.0,0.0 
 07/29  10:00:00,0.0,0.0 
 07/29  11:00:00,0.0,0.0 
 07/29  12:00:00,0.0,0.0 
 07/29  13:00:00,0.0,0.0 
 07/29  14:00:00,0.0,0.0 
 07/29  15:00:00,0.0,0.0 
 07/29  16:00:00,0.0,0.0 
 07/29  17:00:00,0.0,0.0 
 07/29  18:00:00,0.0,0.0 
 07/29  19:00:00,0.0,0.0 
 07/29  20:00:00,0.0,0.0 
 07/29  21:00:00,0.0,0.0 
 07/29  22:00:00,0.0,0.0 
 07/29  23:00:00,0.0,0.0 
 07/29  24:00:00,0.0,0.0 
 07/30  01:00:00,0.0,0.0 
 07/30  02:00:00,0.0,0.0 
 07/30  03:00:00,0.0,0.0 
 07/30  04:00:00,0.0,0.0 
 07/30  05:00:00,0.0,0.0 
 07/30  06:00:00,0.0,0.0 
 07/30  07:00:00,0.0,0.0 
 07/30  08:00:00,0.0,0.0 
 07/30  09:00:00,0.0,0.0 
 07/30  10:00:00,0.0,0.0 
 07/30  11:00:00,0.0,0.0 
 07/30  12:00:00,0.0,0.0 
 07/30  13:00:00,0.0,0.0 
 07/30  14:00:00,0.0,0.0 
 07/30  15:00:00,0.0,0.0 
 07/30  16:00:00,0.0,0.0 
 07/30  17:00:00,0.0,0.0 
 07/30  18:00:00,0.0,0.0 
 07/30  19:00:00,0.0,0.0 
 07/30  20:00:00,0.0,0.0 
 07/30  21:00:00,0.0,0.0 
 07/30  22:00:00,0.0,0.0 
 07/30  23:00:00,0.0,0.0 
 07/30  24:00:00,0.0,0.0 
 07/31  01:00:00,0.0,0.0 
 07/31  02:00:00,0.0,0.0 
 07/31  03:00:00,0.0,0.0 
 07/31  04:00:00,0.0,0.0 
 07/31  05:00:00,0.0,0.0 
 07/31  06:00:00,0.0,0.0 
 07/31  07:00:00,0.0,0.0 
 07/31  08:00:00,0.0,0.0 
 07/31  09:00:00,0.0,0.0 
 07/31  10:00:00,0.0,0.0 
 07/31  11:00:00,0.0,0.0 
 07/31  12:00:00,0.0,0.0 
 07/31  13:00:00,0.0,0.0 
 07/31  14:00:00,0.0,0.0 
 07/31  15:00:00,0.0,0.0 
 07/31  16:00:00,0.0,0.0 
 07/31  17:00:00,0.0,0.0 
 07/31  18:00:00,0.0,0.0 
 07/31  19:00:00,0.0,0.0 
 07/31  20:00:00,0.0,0.0 
 07/31  21:00:00,0.0,0.0 
 07/31  22:00:00,0.0,0.0 
 07/31  23:00:00,0.0,0.0 
 07/31  24:00:00,0.0,0.0 
 08/01  01:00:00,0.0,0.0 
 08/01  02:00:00,0.0,0.0 
 08/01  03:00:00,0.0,0.0 
 08/01  04:00:00,0.0,0.0 
 08/01  05:00:00,0.0,0.0 
 08/01  06:00:00,0.0,0.0 
 08/01  07:00:00,0.0,0.0 
 08/01  08:00:00,0.0,0.0 
 08/01  09:00:00,0.0,0.0 
 08/01  10:00:00,0.0,0.0 
 08/01  11:00:00,0.0,0.0 
 08/01  12:00:00,0.0,0.0 
 08/01  13:00:00,0.0,0.0 
 08/01  14:00:00,0.0,0.0 
 08/01  15:00:00,0.0,0.0 
 08/01  16:00:00,0.0,0.0 
 08/01  17:00:00,0.0,0.0 
 08/01  18:00:00,0.0,0.0 
 08/01  19:00:00,0.0,0.0 
 08/01  20:00:00,0.0,0.0 
 08/01  21:00:00,0.0,0.0 
 08/01  22:00:00,0.0,0.0 
 08/01  23:00:00,0.0,0.0 
 08/01  24:00:00,0.0,0.0 
 08/02  01:00:00,0.0,0.0 
 08/02  02:00:00,0.0,0.0 
 08/02  03:00:00,0.0,0.0 
 08/02  04:00:00,0.0,0.0 
 08/02  05:00:00,0.0,0.0 
 08/02  06:00:00,0.0,0.0 
 08/02  07:00:00,0.0,0.0 
 08/02  08:00:00,0.0,0.0 
 08/02  09:00:00,0.0,0.0 
 08/02  10:00:00,0.0,0.0 
 08/02  11:00:00,0.0,0.0 
 08/02  12:00:00,0.0,0.0 
 08/02  13:00:00,0.0,0.0 
 08/02  14:00:00,0.0,0.0 
 08/02  15:00:00,0.0,0.0 
 08/02  16:00:00,0.0,0.0 
 08/02  17:00:00,0.0,0.0 
 08/02  18:00:00,0.0,0.0 
 08/02  19:00:00,0.0,0.0 
 08/02  20:00:00,0.0,0.0 
 08/02  21:00:00,0.0,0.0 
 08/02  22:00:00,0.0,0.0 
 08/02  23:00:00,0.0,0.0 
 08/02  24:00:00,0.0,0.0 
 08/03  01:00:00,0.0,0.0 
 08/03  02:00:00,0.0,0.0 
 08/03  03:00:00,0.0,0.0 
 08/03  04:00:00,0.0,0.0 
 08/03  05:00:00,0.0,0.0 
 08/03  06:00:00,0.0,0.0 
 08/03  07:00:00,0.0,0.0 
 08/03  08:00:00,0.0,0.0 
 08/03  09:00:00,0.0,0.0 
 08/03  10:00:00,0.0,0.0 
 08/03  11:00:00,0.0,0.0 
 08/03  12:00:00,0.0,0.0 
 08/03  13:00:00,0.0,0.0 
 08/03  14:00:00,0.0,0.0 
 08/03  15:00:00,0.0,0.0 
 08/03  16:00:00,0.0,0.0 
 08/03  17:00:00,0.0,0.0 
 08/03  18:00:00,0.0,0.0 
 08/03  19:00:00,0.0,0.0 
 08/03  20:00:00,0.0,0.0 
 08/03  21:00:00,0.0,0.0 
 08/03  22:00:00,0.0,0.0 
 08/03  23:00:00,0.0,0.0 
 08/03  24:00:00,0.0,0.0 
 08/04  01:00:00,0.0,0.0 
 08/04  02:00:00,0.0,0.0 
 08/04  03:00:00,0.0,0.0 
 08/04  04:00:00,0.0,0.0 
 08/04  05:00:00,0.0,0.0 
 08/04  06:00:00,0.0,0.0 
 08/04  07:00:00,0.0,0.0 
 08/04  08:00:00,0.0,0.0 
 08/04  09:00:00,0.0,0.0 
 08/04  10:00:00,0.0,0.0 
 08/04  11:00:00,0.0,0.0 
 08/04  12:00:00,0.0,0.0 
 08/04  13:00:00,0.0,0.0 
 08/04  14:00:00,0.0,0.0 
 08/04  15:00:00,0.0,0.0 
 08/04  16:00:00,0.0,0.0 
 08/04  17:00:00,0.0,0.0 
 08/04  18:00:00,0.0,0.0 
 08/04  19:00:00,0.0,0.0 
 08/04  20:00:00,0.0,0.0 
 08/04  21:00:00,0.0,0.0 
 08/04  22:00:00,0.0,0.0 
 08/04  23:00:00,0.0,0.0 
 08/04  24:00:00,0.0,0.0 
 08/05  01:00:00,0.0,0.0 
 08/05  02:00:00,0.0,0.0 
 08/05  03:00:00,0.0,0.0 
 08/05  04:00:00,0.0,0.0 
 08/05  05:00:00,0.0,0.0 
 08/05  06:00:00,0.0,0.0 
 08/05  07:00:00,0.0,0.0 
 08/05  08:00:00,0.0,0.0 
 08/05  09:00:00,0.0,0.0 
 08/05  10:00:00,0.0,0.0 
 08/05  11:00:00,0.0,0.0 
 08/05  12:00:00,0.0,0.0 
 08/05  13:00:00,0.0,0.0 
 08/05  14:00:00,0.0,0.0 
 08/05  15:00:00,0.0,0.0 
 08/05  16:00:00,0.0,0.0 
 08/05  17:00:00,0.0,0.0 
 08/05  18:00:00,0.0,0.0 
 08/05  19:00:00,0.0,0.0 
 08/05  20:00:00,0.0,0.0 
 08/05  21:00:00,0.0,0.0 
 08/05  22:00:00,0.0,0.0 
 08/05  23:00:00,0.0,0.0 
 08/05  24:00:00,0.0,0.0 
 08/06  01:00:00,0.0,0.0 
 08/06  02:00:00,0.0,0.0 
 08/06  03:00:00,0.0,0.0 
 08/06  04:00:00,0.0,0.0 
 08/06  05:00:00,0.0,0.0 
 08/06  06:00:00,0.0,0.0 
 08/06  07:00:00,0.0,0.0 
 08/06  08:00:00,0.0,0.0 
 08/06  09:00:00,0.0,0.0 
 08/06  10:00:00,0.0,0.0 
 08/06  11:00:00,0.0,0.0 
 08/06  12:00:00,0.0,0.0 
 08/06  13:00:00,0.0,0.0 
 08/06  14:00:00,0.0,0.0 
 08/06  15:00:00,0.0,0.0 
 08/06  16:00:00,0.0,0.0 
 08/06  17:00:00,0.0,0.0 
 08/06  18:00:00,0.0,0.0 
 08/06  19:00:00,0.0,0.0 
 08/06  20:00:00,0.0,0.0 
 08/06  21:00:00,0.0,0.0 
 08/06  22:00:00,0.0,0.0 
 08/06  23:00:00,0.0,0.0 
 08/06  24:00:00,0.0,0.0 
 08/07  01:00:00,0.0,0.0 
 08/07  02:00:00,0.0,0.0 
 08/07  03:00:00,0.0,0.0 
 08/07  04:00:00,16038.216946981265,107154.44419114428 
 08/07  05:00:00,216804.28125837134,467827.6970860323 
 08/07  06:00:00,384683.10514873086,698486.8943169792 
 08/07  07:00:00,546967.2262556705,877372.3161767863 
 08/07  08:00:00,187742.20542408802,293963.7867868216 
 08/07  09:00:00,0.0,0.0 
 08/07  10:00:00,0.0,0.0 
 08/07  11:00:00,0.0,0.0 
 08/07  12:00:00,0.0,0.0 
 08/07  13:00:00,0.0,0.0 
 08/07  14:00:00,0.0,0.0 
 08/07  15:00:00,0.0,0.0 
 08/07  16:00:00,0.0,0.0 
 08/07  17:00:00,0.0,0.0 
 08/07  18:00:00,0.0,0.0 
 08/07  19:00:00,0.0,0.0 
 08/07  20:00:00,0.0,0.0 
 08/07  21:00:00,0.0,0.0 
 08/07  22:00:00,0.0,0.0 
 08/07  23:00:00,0.0,0.0 
 08/07  24:00:00,0.0,0.0 
 08/08  01:00:00,0.0,0.0 
 08/08  02:00:00,0.0,0.0 
 08/08  03:00:00,0.0,0.0 
 08/08  04:00:00,0.0,0.0 
 08/08  05:00:00,45615.251746441936,51378.70007026577 
 08/08  06:00:00,370025.18030800344,537411.3025703038 
 08/08  07:00:00,597950.7890565518,874434.3958093842 
 08/08  08:00:00,166425.0223412273,212454.6757748627 
 08/08  09:00:00,0.0,0.0 
 08/08  10:00:00,0.0,0.0 
 08/08  11:00:00,0.0,0.0 
 08/08  12:00:00,0.0,0.0 
 08/08  13:00:00,0.0,0.0 
 08/08  14:00:00,0.0,0.0 
 08/08  15:00:00,0.0,0.0 
 08/08  16:00:00,0.0,0.0 
 08/08  17:00:00,0.0,0.0 
 08/08  18:00:00,0.0,0.0 
 08/08  19:00:00,0.0,0.0 
 08/08  20:00:00,0.0,0.0 
 08/08  21:00:00,0.0,0.0 
 08/08  22:00:00,0.0,0.0 
 08/08  23:00:00,0.0,0.0 
 08/08  24:00:00,0.0,0.0 
 08/09  01:00:00,0.0,0.0 
 08/09  02:00:00,0.0,0.0 
 08/09  03:00:00,0.0,0.0 
 08/09  04:00:00,0.0,0.0 
 08/09  05:00:00,0.0,0.0 
 08/09  06:00:00,0.0,0.0 
 08/09  07:00:00,0.0,0.0 
 08/09  08:00:00,0.0,0.0 
 08/09  09:00:00,0.0,0.0 
 08/09  10:00:00,0.0,0.0 
 08/09  11:00:00,0.0,0.0 
 08/09  12:00:00,0.0,0.0 
 08/09  13:00:00,0.0,0.0 
 08/09  14:00:00,0.0,0.0 
 08/09  15:00:00,0.0,0.0 
 08/09  16:00:00,0.0,0.0 
 08/09  17:00:00,0.0,0.0 
 08/09  18:00:00,0.0,0.0 
 08/09  19:00:00,0.0,0.0 
 08/09  20:00:00,0.0,0.0 
 08/09  21:00:00,0.0,0.0 
 08/09  22:00:00,0.0,0.0 
 08/09  23:00:00,0.0,0.0 
 08/09  24:00:00,0.0,0.0 
 08/10  01:00:00,0.0,0.0 
 08/10  02:00:00,0.0,0.0 
 08/10  03:00:00,0.0,0.0 
 08/10  04:00:00,0.0,0.0 
 08/10  05:00:00,0.0,0.0 
 08/10  06:00:00,0.0,0.0 
 08/10  07:00:00,0.0,0.0 
 08/10  08:00:00,0.0,0.0 
 08/10  09:00:00,0.0,0.0 
 08/10  10:00:00,0.0,0.0 
 08/10  11:00:00,0.0,0.0 
 08/10  12:00:00,0.0,0.0 
 08/10  13:00:00,0.0,0.0 
 08/10  14:00:00,0.0,0.0 
 08/10  15:00:00,0.0,0.0 
 08/10  16:00:00,0.0,0.0 
 08/10  17:00:00,0.0,0.0 
 08/10  18:00:00,0.0,0.0 
 08/10  19:00:00,0.0,0.0 
 08/10  20:00:00,0.0,0.0 
 08/10  21:00:00,0.0,0.0 
 08/10  22:00:00,0.0,0.0 
 08/10  23:00:00,0.0,0.0 
 08/10  24:00:00,0.0,0.0 
 08/11  01:00:00,0.0,0.0 
 08/11  02:00:00,0.0,0.0 
 08/11  03:00:00,0.0,0.0 
 08/11  04:00:00,0.0,0.0 
 08/11  05:00:00,0.0,0.0 
 08/11  06:00:00,0.0,0.0 
 08/11  07:00:00,0.0,0.0 
 08/11  08:00:00,0.0,0.0 
 08/11  09:00:00,0.0,0.0 
 08/11  10:00:00,0.0,0.0 
 08/11  11:00:00,0.0,0.0 
 08/11  12:00:00,0.0,0.0 
 08/11  13:00:00,0.0,0.0 
 08/11  14:00:00,0.0,0.0 
 08/11  15:00:00,0.0,0.0 
 08/11  16:00:00,0.0,0.0 
 08/11  17:00:00,0.0,0.0 
 08/11  18:00:00,0.0,0.0 
 08/11  19:00:00,0.0,0.0 
 08/11  20:00:00,0.0,0.0 
 08/11  21:00:00,0.0,0.0 
 08/11  22:00:00,0.0,0.0 
 08/11  23:00:00,0.0,0.0 
 08/11  24:00:00,0.0,0.0 
 08/12  01:00:00,0.0,0.0 
 08/12  02:00:00,0.0,0.0 
 08/12  03:00:00,0.0,0.0 
 08/12  04:00:00,0.0,0.0 
 08/12  05:00:00,0.0,0.0 
 08/12  06:00:00,0.0,0.0 
 08/12  07:00:00,0.0,0.0 
 08/12  08:00:00,0.0,0.0 
 08/12  09:00:00,0.0,0.0 
 08/12  10:00:00,0.0,0.0 
 08/12  11:00:00,0.0,0.0 
 08/12  12:00:00,0.0,0.0 
 08/12  13:00:00,0.0,0.0 
 08/12  14:00:00,0.0,0.0 
 08/12  15:00:00,0.0,0.0 
 08/12  16:00:00,0.0,0.0 
 08/12  17:00:00,0.0,0.0 
 08/12  18:00:00,0.0,0.0 
 08/12  19:00:00,0.0,0.0 
 08/12  20:00:00,0.0,0.0 
 08/12  21:00:00,0.0,0.0 
 08/12  22:00:00,0.0,0.0 
 08/12  23:00:00,0.0,0.0 
 08/12  24:00:00,0.0,0.0 
 08/13  01:00:00,0.0,0.0 
 08/13  02:00:00,0.0,0.0 
 08/13  03:00:00,0.0,0.0 
 08/13  04:00:00,0.0,0.0 
 08/13  05:00:00,0.0,0.0 
 08/13  06:00:00,0.0,0.0 
 08/13  07:00:00,0.0,0.0 
 08/13  08:00:00,0.0,0.0 
 08/13  09:00:00,0.0,0.0 
 08/13  10:00:00,0.0,0.0 
 08/13  11:00:00,0.0,0.0 
 08/13  12:00:00,0.0,0.0 
 08/13  13:00:00,0.0,0.0 
 08/13  14:00:00,0.0,0.0 
 08/13  15:00:00,0.0,0.0 
 08/13  16:00:00,0.0,0.0 
 08/13  17:00:00,0.0,0.0 
 08/13  18:00:00,0.0,0.0 
 08/13  19:00:00,0.0,0.0 
 08/13  20:00:00,0.0,0.0 
 08/13  21:00:00,0.0,0.0 
 08/13  22:00:00,0.0,0.0 
 08/13  23:00:00,0.0,0.0 
 08/13  24:00:00,0.0,0.0 
 08/14  01:00:00,0.0,0.0 
 08/14  02:00:00,0.0,0.0 
 08/14  03:00:00,0.0,0.0 
 08/14  04:00:00,0.0,0.0 
 08/14  05:00:00,0.0,0.0 
 08/14  06:00:00,0.0,0.0 
 08/14  07:00:00,0.0,0.0 
 08/14  08:00:00,0.0,0.0 
 08/14  09:00:00,0.0,0.0 
 08/14  10:00:00,0.0,0.0 
 08/14  11:00:00,0.0,0.0 
 08/14  12:00:00,0.0,0.0 
 08/14  13:00:00,0.0,0.0 
 08/14  14:00:00,0.0,0.0 
 08/14  15:00:00,0.0,0.0 
 08/14  16:00:00,0.0,0.0 
 08/14  17:00:00,0.0,0.0 
 08/14  18:00:00,0.0,0.0 
 08/14  19:00:00,0.0,0.0 
 08/14  20:00:00,0.0,0.0 
 08/14  21:00:00,0.0,0.0 
 08/14  22:00:00,0.0,0.0 
 08/14  23:00:00,0.0,0.0 
 08/14  24:00:00,0.0,0.0 
 08/15  01:00:00,0.0,0.0 
 08/15  02:00:00,0.0,0.0 
 08/15  03:00:00,0.0,0.0 
 08/15  04:00:00,0.0,0.0 
 08/15  05:00:00,0.0,0.0 
 08/15  06:00:00,0.0,0.0 
 08/15  07:00:00,0.0,0.0 
 08/15  08:00:00,0.0,0.0 
 08/15  09:00:00,0.0,0.0 
 08/15  10:00:00,0.0,0.0 
 08/15  11:00:00,0.0,0.0 
 08/15  12:00:00,0.0,0.0 
 08/15  13:00:00,0.0,0.0 
 08/15  14:00:00,0.0,0.0 
 08/15  15:00:00,0.0,0.0 
 08/15  16:00:00,0.0,0.0 
 08/15  17:00:00,0.0,0.0 
 08/15  18:00:00,0.0,0.0 
 08/15  19:00:00,0.0,0.0 
 08/15  20:00:00,0.0,0.0 
 08/15  21:00:00,0.0,0.0 
 08/15  22:00:00,0.0,0.0 
 08/15  23:00:00,0.0,0.0 
 08/15  24:00:00,0.0,0.0 
 08/16  01:00:00,0.0,0.0 
 08/16  02:00:00,0.0,0.0 
 08/16  03:00:00,0.0,0.0 
 08/16  04:00:00,0.0,0.0 
 08/16  05:00:00,0.0,0.0 
 08/16  06:00:00,0.0,0.0 
 08/16  07:00:00,0.0,0.0 
 08/16  08:00:00,0.0,0.0 
 08/16  09:00:00,0.0,0.0 
 08/16  10:00:00,0.0,0.0 
 08/16  11:00:00,0.0,0.0 
 08/16  12:00:00,0.0,0.0 
 08/16  13:00:00,0.0,0.0 
 08/16  14:00:00,0.0,0.0 
 08/16  15:00:00,0.0,0.0 
 08/16  16:00:00,0.0,0.0 
 08/16  17:00:00,0.0,0.0 
 08/16  18:00:00,0.0,0.0 
 08/16  19:00:00,0.0,0.0 
 08/16  20:00:00,0.0,0.0 
 08/16  21:00:00,0.0,0.0 
 08/16  22:00:00,0.0,0.0 
 08/16  23:00:00,0.0,0.0 
 08/16  24:00:00,0.0,0.0 
 08/17  01:00:00,0.0,0.0 
 08/17  02:00:00,0.0,0.0 
 08/17  03:00:00,0.0,0.0 
 08/17  04:00:00,0.0,0.0 
 08/17  05:00:00,0.0,0.0 
 08/17  06:00:00,0.0,0.0 
 08/17  07:00:00,0.0,0.0 
 08/17  08:00:00,0.0,0.0 
 08/17  09:00:00,0.0,0.0 
 08/17  10:00:00,0.0,0.0 
 08/17  11:00:00,0.0,0.0 
 08/17  12:00:00,0.0,0.0 
 08/17  13:00:00,0.0,0.0 
 08/17  14:00:00,0.0,0.0 
 08/17  15:00:00,0.0,0.0 
 08/17  16:00:00,0.0,0.0 
 08/17  17:00:00,0.0,0.0 
 08/17  18:00:00,0.0,0.0 
 08/17  19:00:00,0.0,0.0 
 08/17  20:00:00,0.0,0.0 
 08/17  21:00:00,0.0,0.0 
 08/17  22:00:00,0.0,0.0 
 08/17  23:00:00,0.0,0.0 
 08/17  24:00:00,0.0,0.0 
 08/18  01:00:00,0.0,0.0 
 08/18  02:00:00,0.0,0.0 
 08/18  03:00:00,0.0,0.0 
 08/18  04:00:00,0.0,0.0 
 08/18  05:00:00,0.0,0.0 
 08/18  06:00:00,0.0,0.0 
 08/18  07:00:00,0.0,0.0 
 08/18  08:00:00,0.0,0.0 
 08/18  09:00:00,0.0,0.0 
 08/18  10:00:00,0.0,0.0 
 08/18  11:00:00,0.0,0.0 
 08/18  12:00:00,0.0,0.0 
 08/18  13:00:00,0.0,0.0 
 08/18  14:00:00,0.0,0.0 
 08/18  15:00:00,0.0,0.0 
 08/18  16:00:00,0.0,0.0 
 08/18  17:00:00,0.0,0.0 
 08/18  18:00:00,0.0,0.0 
 08/18  19:00:00,0.0,0.0 
 08/18  20:00:00,0.0,0.0 
 08/18  21:00:00,0.0,0.0 
 08/18  22:00:00,0.0,0.0 
 08/18  23:00:00,0.0,0.0 
 08/18  24:00:00,0.0,0.0 
 08/19  01:00:00,0.0,0.0 
 08/19  02:00:00,0.0,0.0 
 08/19  03:00:00,0.0,0.0 
 08/19  04:00:00,0.0,0.0 
 08/19  05:00:00,0.0,0.0 
 08/19  06:00:00,0.0,0.0 
 08/19  07:00:00,0.0,0.0 
 08/19  08:00:00,0.0,0.0 
 08/19  09:00:00,0.0,0.0 
 08/19  10:00:00,0.0,0.0 
 08/19  11:00:00,0.0,0.0 
 08/19  12:00:00,0.0,0.0 
 08/19  13:00:00,0.0,0.0 
 08/19  14:00:00,0.0,0.0 
 08/19  15:00:00,0.0,0.0 
 08/19  16:00:00,0.0,0.0 
 08/19  17:00:00,0.0,0.0 
 08/19  18:00:00,0.0,0.0 
 08/19  19:00:00,0.0,0.0 
 08/19  20:00:00,0.0,0.0 
 08/19  21:00:00,0.0,0.0 
 08/19  22:00:00,0.0,0.0 
 08/19  23:00:00,0.0,0.0 
 08/19  24:00:00,0.0,0.0 
 08/20  01:00:00,0.0,0.0 
 08/20  02:00:00,0.0,0.0 
 08/20  03:00:00,0.0,0.0 
 08/20  04:00:00,0.0,0.0 
 08/20  05:00:00,0.0,0.0 
 08/20  06:00:00,0.0,0.0 
 08/20  07:00:00,0.0,0.0 
 08/20  08:00:00,0.0,0.0 
 08/20  09:00:00,0.0,0.0 
 08/20  10:00:00,0.0,0.0 
 08/20  11:00:00,0.0,0.0 
 08/20  12:00:00,0.0,0.0 
 08/20  13:00:00,0.0,0.0 
 08/20  14:00:00,0.0,0.0 
 08/20  15:00:00,0.0,0.0 
 08/20  16:00:00,0.0,0.0 
 08/20  17:00:00,0.0,0.0 
 08/20  18:00:00,0.0,0.0 
 08/20  19:00:00,0.0,0.0 
 08/20  20:00:00,0.0,0.0 
 08/20  21:00:00,0.0,0.0 
 08/20  22:00:00,0.0,0.0 
 08/20  23:00:00,0.0,0.0 
 08/20  24:00:00,0.0,0.0 
 08/21  01:00:00,0.0,0.0 
 08/21  02:00:00,0.0,0.0 
 08/21  03:00:00,0.0,0.0 
 08/21  04:00:00,0.0,0.0 
 08/21  05:00:00,0.0,0.0 
 08/21  06:00:00,0.0,0.0 
 08/21  07:00:00,0.0,0.0 
 08/21  08:00:00,0.0,0.0 
 08/21  09:00:00,0.0,0.0 
 08/21  10:00:00,0.0,0.0 
 08/21  11:00:00,0.0,0.0 
 08/21  12:00:00,0.0,0.0 
 08/21  13:00:00,0.0,0.0 
 08/21  14:00:00,0.0,0.0 
 08/21  15:00:00,0.0,0.0 
 08/21  16:00:00,0.0,0.0 
 08/21  17:00:00,0.0,0.0 
 08/21  18:00:00,0.0,0.0 
 08/21  19:00:00,0.0,0.0 
 08/21  20:00:00,0.0,0.0 
 08/21  21:00:00,0.0,0.0 
 08/21  22:00:00,0.0,0.0 
 08/21  23:00:00,0.0,0.0 
 08/21  24:00:00,0.0,0.0 
 08/22  01:00:00,0.0,0.0 
 08/22  02:00:00,0.0,0.0 
 08/22  03:00:00,0.0,0.0 
 08/22  04:00:00,0.0,0.0 
 08/22  05:00:00,0.0,0.0 
 08/22  06:00:00,0.0,0.0 
 08/22  07:00:00,0.0,0.0 
 08/22  08:00:00,0.0,0.0 
 08/22  09:00:00,0.0,0.0 
 08/22  10:00:00,0.0,0.0 
 08/22  11:00:00,0.0,0.0 
 08/22  12:00:00,0.0,0.0 
 08/22  13:00:00,0.0,0.0 
 08/22  14:00:00,0.0,0.0 
 08/22  15:00:00,0.0,0.0 
 08/22  16:00:00,0.0,0.0 
 08/22  17:00:00,0.0,0.0 
 08/22  18:00:00,0.0,0.0 
 08/22  19:00:00,0.0,0.0 
 08/22  20:00:00,0.0,0.0 
 08/22  21:00:00,0.0,0.0 
 08/22  22:00:00,0.0,0.0 
 08/22  23:00:00,0.0,0.0 
 08/22  24:00:00,0.0,0.0 
 08/23  01:00:00,0.0,0.0 
 08/23  02:00:00,0.0,0.0 
 08/23  03:00:00,0.0,0.0 
 08/23  04:00:00,0.0,0.0 
 08/23  05:00:00,0.0,0.0 
 08/23  06:00:00,0.0,0.0 
 08/23  07:00:00,0.0,0.0 
 08/23  08:00:00,0.0,0.0 
 08/23  09:00:00,0.0,0.0 
 08/23  10:00:00,0.0,0.0 
 08/23  11:00:00,0.0,0.0 
 08/23  12:00:00,0.0,0.0 
 08/23  13:00:00,0.0,0.0 
 08/23  14:00:00,0.0,0.0 
 08/23  15:00:00,0.0,0.0 
 08/23  16:00:00,0.0,0.0 
 08/23  17:00:00,0.0,0.0 
 08/23  18:00:00,0.0,0.0 
 08/23  19:00:00,0.0,0.0 
 08/23  20:00:00,0.0,0.0 
 08/23  21:00:00,0.0,0.0 
 08/23  22:00:00,0.0,0.0 
 08/23  23:00:00,0.0,0.0 
 08/23  24:00:00,0.0,0.0 
 08/24  01:00:00,0.0,0.0 
 08/24  02:00:00,0.0,0.0 
 08/24  03:00:00,0.0,0.0 
 08/24  04:00:00,0.0,0.0 
 08/24  05:00:00,0.0,0.0 
 08/24  06:00:00,0.0,0.0 
 08/24  07:00:00,0.0,0.0 
 08/24  08:00:00,0.0,0.0 
 08/24  09:00:00,0.0,0.0 
 08/24  10:00:00,0.0,0.0 
 08/24  11:00:00,0.0,0.0 
 08/24  12:00:00,0.0,0.0 
 08/24  13:00:00,0.0,0.0 
 08/24  14:00:00,0.0,0.0 
 08/24  15:00:00,0.0,0.0 
 08/24  16:00:00,0.0,0.0 
 08/24  17:00:00,0.0,0.0 
 08/24  18:00:00,0.0,0.0 
 08/24  19:00:00,0.0,0.0 
 08/24  20:00:00,0.0,0.0 
 08/24  21:00:00,0.0,0.0 
 08/24  22:00:00,0.0,0.0 
 08/24  23:00:00,0.0,0.0 
 08/24  24:00:00,0.0,0.0 
 08/25  01:00:00,0.0,0.0 
 08/25  02:00:00,0.0,0.0 
 08/25  03:00:00,0.0,0.0 
 08/25  04:00:00,0.0,0.0 
 08/25  05:00:00,0.0,0.0 
 08/25  06:00:00,0.0,0.0 
 08/25  07:00:00,0.0,0.0 
 08/25  08:00:00,0.0,0.0 
 08/25  09:00:00,0.0,0.0 
 08/25  10:00:00,0.0,0.0 
 08/25  11:00:00,0.0,0.0 
 08/25  12:00:00,0.0,0.0 
 08/25  13:00:00,0.0,0.0 
 08/25  14:00:00,0.0,0.0 
 08/25  15:00:00,0.0,0.0 
 08/25  16:00:00,0.0,0.0 
 08/25  17:00:00,0.0,0.0 
 08/25  18:00:00,0.0,0.0 
 08/25  19:00:00,0.0,0.0 
 08/25  20:00:00,0.0,0.0 
 08/25  21:00:00,0.0,0.0 
 08/25  22:00:00,0.0,0.0 
 08/25  23:00:00,0.0,0.0 
 08/25  24:00:00,0.0,0.0 
 08/26  01:00:00,0.0,0.0 
 08/26  02:00:00,0.0,0.0 
 08/26  03:00:00,0.0,0.0 
 08/26  04:00:00,0.0,0.0 
 08/26  05:00:00,0.0,0.0 
 08/26  06:00:00,0.0,0.0 
 08/26  07:00:00,0.0,0.0 
 08/26  08:00:00,0.0,0.0 
 08/26  09:00:00,0.0,0.0 
 08/26  10:00:00,0.0,0.0 
 08/26  11:00:00,0.0,0.0 
 08/26  12:00:00,0.0,0.0 
 08/26  13:00:00,0.0,0.0 
 08/26  14:00:00,0.0,0.0 
 08/26  15:00:00,0.0,0.0 
 08/26  16:00:00,0.0,0.0 
 08/26  17:00:00,0.0,0.0 
 08/26  18:00:00,0.0,0.0 
 08/26  19:00:00,0.0,0.0 
 08/26  20:00:00,0.0,0.0 
 08/26  21:00:00,0.0,0.0 
 08/26  22:00:00,0.0,0.0 
 08/26  23:00:00,0.0,0.0 
 08/26  24:00:00,0.0,0.0 
 08/27  01:00:00,0.0,0.0 
 08/27  02:00:00,0.0,0.0 
 08/27  03:00:00,0.0,0.0 
 08/27  04:00:00,0.0,0.0 
 08/27  05:00:00,0.0,0.0 
 08/27  06:00:00,0.0,0.0 
 08/27  07:00:00,0.0,0.0 
 08/27  08:00:00,0.0,0.0 
 08/27  09:00:00,0.0,0.0 
 08/27  10:00:00,0.0,0.0 
 08/27  11:00:00,0.0,0.0 
 08/27  12:00:00,0.0,0.0 
 08/27  13:00:00,0.0,0.0 
 08/27  14:00:00,0.0,0.0 
 08/27  15:00:00,0.0,0.0 
 08/27  16:00:00,0.0,0.0 
 08/27  17:00:00,0.0,0.0 
 08/27  18:00:00,0.0,0.0 
 08/27  19:00:00,0.0,0.0 
 08/27  20:00:00,0.0,0.0 
 08/27  21:00:00,0.0,0.0 
 08/27  22:00:00,0.0,0.0 
 08/27  23:00:00,0.0,0.0 
 08/27  24:00:00,0.0,0.0 
 08/28  01:00:00,0.0,0.0 
 08/28  02:00:00,0.0,0.0 
 08/28  03:00:00,0.0,0.0 
 08/28  04:00:00,0.0,0.0 
 08/28  05:00:00,0.0,0.0 
 08/28  06:00:00,0.0,0.0 
 08/28  07:00:00,0.0,0.0 
 08/28  08:00:00,0.0,0.0 
 08/28  09:00:00,0.0,0.0 
 08/28  10:00:00,0.0,0.0 
 08/28  11:00:00,0.0,0.0 
 08/28  12:00:00,0.0,0.0 
 08/28  13:00:00,0.0,0.0 
 08/28  14:00:00,0.0,0.0 
 08/28  15:00:00,0.0,0.0 
 08/28  16:00:00,0.0,0.0 
 08/28  17:00:00,0.0,0.0 
 08/28  18:00:00,0.0,0.0 
 08/28  19:00:00,0.0,0.0 
 08/28  20:00:00,0.0,0.0 
 08/28  21:00:00,0.0,0.0 
 08/28  22:00:00,0.0,0.0 
 08/28  23:00:00,0.0,0.0 
 08/28  24:00:00,0.0,0.0 
 08/29  01:00:00,0.0,15886.386560006213 
 08/29  02:00:00,138072.51887354505,220023.00319749847 
 08/29  03:00:00,272323.2538160111,394761.4785373313 
 08/29  04:00:00,382855.48312849423,524742.990994682 
 08/29  05:00:00,480938.1949283125,645552.8994630325 
 08/29  06:00:00,590131.7607568679,794756.4104622289 
 08/29  07:00:00,697682.9220159715,933466.7734201394 
 08/29  08:00:00,595407.7552069575,767455.5762806989 
 08/29  09:00:00,163013.0692111088,168699.6129715317 
 08/29  10:00:00,0.0,0.0 
 08/29  11:00:00,0.0,0.0 
 08/29  12:00:00,0.0,0.0 
 08/29  13:00:00,0.0,0.0 
 08/29  14:00:00,0.0,0.0 
 08/29  15:00:00,0.0,0.0 
 08/29  16:00:00,0.0,0.0 
 08/29  17:00:00,0.0,0.0 
 08/29  18:00:00,0.0,0.0 
 08/29  19:00:00,0.0,0.0 
 08/29  20:00:00,0.0,0.0 
 08/29  21:00:00,0.0,0.0 
 08/29  22:00:00,0.0,0.0 
 08/29  23:00:00,0.0,0.0 
 08/29  24:00:00,0.0,0.0 
 08/30  01:00:00,0.0,0.0 
 08/30  02:00:00,0.0,0.0 
 08/30  03:00:00,0.0,0.0 
 08/30  04:00:00,38621.84526400524,125510.83364695514 
 08/30  05:00:00,259745.0572010123,453693.1902612495 
 08/30  06:00:00,405776.4837485768,656545.6302273291 
 08/30  07:00:00,531282.7820980216,817088.2657720294 
 08/30  08:00:00,476574.53167729184,679710.3500349527 
 08/30  09:00:00,115247.26373092415,141957.57878010845 
 08/30  10:00:00,0.0,0.0 
 08/30  11:00:00,0.0,0.0 
 08/30  12:00:00,0.0,0.0 
 08/30  13:00:00,0.0,0.0 
 08/30  14:00:00,0.0,0.0 
 08/30  15:00:00,0.0,0.0 
 08/30  16:00:00,0.0,0.0 
 08/30  17:00:00,0.0,0.0 
 08/30  18:00:00,0.0,0.0 
 08/30  19:00:00,0.0,0.0 
 08/30  20:00:00,0.0,0.0 
 08/30  21:00:00,0.0,0.0 
 08/30  22:00:00,0.0,0.0 
 08/30  23:00:00,0.0,0.0 
 08/30  24:00:00,0.0,0.0 
 08/31  01:00:00,0.0,0.0 
 08/31  02:00:00,0.0,0.0 
 08/31  03:00:00,0.0,0.0 
 08/31  04:00:00,0.0,0.0 
 08/31  05:00:00,0.0,0.0 
 08/31  06:00:00,0.0,0.0 
 08/31  07:00:00,0.0,0.0 
 08/31  08:00:00,0.0,0.0 
 08/31  09:00:00,0.0,0.0 
 08/31  10:00:00,0.0,0.0 
 08/31  11:00:00,0.0,0.0 
 08/31  12:00:00,0.0,0.0 
 08/31  13:00:00,0.0,0.0 
 08/31  14:00:00,0.0,0.0 
 08/31  15:00:00,0.0,0.0 
 08/31  16:00:00,0.0,0.0 
 08/31  17:00:00,0.0,0.0 
 08/31  18:00:00,0.0,0.0 
 08/31  19:00:00,0.0,0.0 
 08/31  20:00:00,0.0,0.0 
 08/31  21:00:00,0.0,0.0 
 08/31  22:00:00,0.0,0.0 
 08/31  23:00:00,0.0,0.0 
 08/31  24:00:00,0.0,0.0 
 09/01  01:00:00,0.0,0.0 
 09/01  02:00:00,0.0,0.0 
 09/01  03:00:00,0.0,0.0 
 09/01  04:00:00,0.0,0.0 
 09/01  05:00:00,0.0,0.0 
 09/01  06:00:00,0.0,0.0 
 09/01  07:00:00,0.0,0.0 
 09/01  08:00:00,0.0,0.0 
 09/01  09:00:00,0.0,0.0 
 09/01  10:00:00,0.0,0.0 
 09/01  11:00:00,0.0,0.0 
 09/01  12:00:00,0.0,0.0 
 09/01  13:00:00,0.0,0.0 
 09/01  14:00:00,0.0,0.0 
 09/01  15:00:00,0.0,0.0 
 09/01  16:00:00,0.0,0.0 
 09/01  17:00:00,0.0,0.0 
 09/01  18:00:00,0.0,0.0 
 09/01  19:00:00,0.0,0.0 
 09/01  20:00:00,0.0,0.0 
 09/01  21:00:00,0.0,0.0 
 09/01  22:00:00,0.0,0.0 
 09/01  23:00:00,0.0,0.0 
 09/01  24:00:00,0.0,0.0 
 09/02  01:00:00,0.0,0.0 
 09/02  02:00:00,0.0,0.0 
 09/02  03:00:00,0.0,0.0 
 09/02  04:00:00,0.0,0.0 
 09/02  05:00:00,0.0,0.0 
 09/02  06:00:00,0.0,0.0 
 09/02  07:00:00,0.0,0.0 
 09/02  08:00:00,0.0,0.0 
 09/02  09:00:00,0.0,0.0 
 09/02  10:00:00,0.0,0.0 
 09/02  11:00:00,0.0,0.0 
 09/02  12:00:00,0.0,0.0 
 09/02  13:00:00,0.0,0.0 
 09/02  14:00:00,0.0,0.0 
 09/02  15:00:00,0.0,0.0 
 09/02  16:00:00,0.0,0.0 
 09/02  17:00:00,0.0,0.0 
 09/02  18:00:00,0.0,0.0 
 09/02  19:00:00,0.0,0.0 
 09/02  20:00:00,0.0,0.0 
 09/02  21:00:00,0.0,0.0 
 09/02  22:00:00,0.0,0.0 
 09/02  23:00:00,0.0,0.0 
 09/02  24:00:00,0.0,0.0 
 09/03  01:00:00,0.0,0.0 
 09/03  02:00:00,0.0,0.0 
 09/03  03:00:00,0.0,0.0 
 09/03  04:00:00,0.0,0.0 
 09/03  05:00:00,0.0,0.0 
 09/03  06:00:00,0.0,0.0 
 09/03  07:00:00,0.0,0.0 
 09/03  08:00:00,0.0,0.0 
 09/03  09:00:00,0.0,0.0 
 09/03  10:00:00,0.0,0.0 
 09/03  11:00:00,0.0,0.0 
 09/03  12:00:00,0.0,0.0 
 09/03  13:00:00,0.0,0.0 
 09/03  14:00:00,0.0,0.0 
 09/03  15:00:00,0.0,0.0 
 09/03  16:00:00,0.0,0.0 
 09/03  17:00:00,0.0,0.0 
 09/03  18:00:00,0.0,0.0 
 09/03  19:00:00,0.0,0.0 
 09/03  20:00:00,0.0,0.0 
 09/03  21:00:00,0.0,0.0 
 09/03  22:00:00,0.0,0.0 
 09/03  23:00:00,0.0,0.0 
 09/03  24:00:00,0.0,0.0 
 09/04  01:00:00,0.0,0.0 
 09/04  02:00:00,0.0,0.0 
 09/04  03:00:00,0.0,0.0 
 09/04  04:00:00,0.0,0.0 
 09/04  05:00:00,0.0,0.0 
 09/04  06:00:00,0.0,0.0 
 09/04  07:00:00,0.0,0.0 
 09/04  08:00:00,0.0,0.0 
 09/04  09:00:00,0.0,0.0 
 09/04  10:00:00,0.0,0.0 
 09/04  11:00:00,0.0,0.0 
 09/04  12:00:00,0.0,0.0 
 09/04  13:00:00,0.0,0.0 
 09/04  14:00:00,0.0,0.0 
 09/04  15:00:00,0.0,0.0 
 09/04  16:00:00,0.0,0.0 
 09/04  17:00:00,0.0,0.0 
 09/04  18:00:00,0.0,0.0 
 09/04  19:00:00,0.0,0.0 
 09/04  20:00:00,0.0,0.0 
 09/04  21:00:00,0.0,0.0 
 09/04  22:00:00,0.0,0.0 
 09/04  23:00:00,0.0,0.0 
 09/04  24:00:00,0.0,0.0 
 09/05  01:00:00,0.0,0.0 
 09/05  02:00:00,0.0,0.0 
 09/05  03:00:00,0.0,0.0 
 09/05  04:00:00,0.0,0.0 
 09/05  05:00:00,0.0,0.0 
 09/05  06:00:00,0.0,0.0 
 09/05  07:00:00,0.0,0.0 
 09/05  08:00:00,0.0,0.0 
 09/05  09:00:00,0.0,0.0 
 09/05  10:00:00,0.0,0.0 
 09/05  11:00:00,0.0,0.0 
 09/05  12:00:00,0.0,0.0 
 09/05  13:00:00,0.0,0.0 
 09/05  14:00:00,0.0,0.0 
 09/05  15:00:00,0.0,0.0 
 09/05  16:00:00,0.0,0.0 
 09/05  17:00:00,0.0,0.0 
 09/05  18:00:00,0.0,0.0 
 09/05  19:00:00,0.0,0.0 
 09/05  20:00:00,0.0,0.0 
 09/05  21:00:00,0.0,0.0 
 09/05  22:00:00,0.0,0.0 
 09/05  23:00:00,0.0,0.0 
 09/05  24:00:00,0.0,0.0 
 09/06  01:00:00,0.0,0.0 
 09/06  02:00:00,0.0,0.0 
 09/06  03:00:00,0.0,0.0 
 09/06  04:00:00,0.0,0.0 
 09/06  05:00:00,0.0,0.0 
 09/06  06:00:00,0.0,0.0 
 09/06  07:00:00,0.0,0.0 
 09/06  08:00:00,0.0,0.0 
 09/06  09:00:00,0.0,0.0 
 09/06  10:00:00,0.0,0.0 
 09/06  11:00:00,0.0,0.0 
 09/06  12:00:00,0.0,0.0 
 09/06  13:00:00,0.0,0.0 
 09/06  14:00:00,0.0,0.0 
 09/06  15:00:00,0.0,0.0 
 09/06  16:00:00,0.0,0.0 
 09/06  17:00:00,0.0,0.0 
 09/06  18:00:00,0.0,0.0 
 09/06  19:00:00,0.0,0.0 
 09/06  20:00:00,0.0,0.0 
 09/06  21:00:00,0.0,0.0 
 09/06  22:00:00,0.0,0.0 
 09/06  23:00:00,0.0,0.0 
 09/06  24:00:00,0.0,0.0 
 09/07  01:00:00,0.0,0.0 
 09/07  02:00:00,0.0,0.0 
 09/07  03:00:00,0.0,0.0 
 09/07  04:00:00,0.0,0.0 
 09/07  05:00:00,0.0,0.0 
 09/07  06:00:00,0.0,0.0 
 09/07  07:00:00,0.0,0.0 
 09/07  08:00:00,0.0,0.0 
 09/07  09:00:00,0.0,0.0 
 09/07  10:00:00,0.0,0.0 
 09/07  11:00:00,0.0,0.0 
 09/07  12:00:00,0.0,0.0 
 09/07  13:00:00,0.0,0.0 
 09/07  14:00:00,0.0,0.0 
 09/07  15:00:00,0.0,0.0 
 09/07  16:00:00,0.0,0.0 
 09/07  17:00:00,0.0,0.0 
 09/07  18:00:00,0.0,0.0 
 09/07  19:00:00,0.0,0.0 
 09/07  20:00:00,0.0,0.0 
 09/07  21:00:00,0.0,0.0 
 09/07  22:00:00,0.0,0.0 
 09/07  23:00:00,0.0,0.0 
 09/07  24:00:00,0.0,0.0 
 09/08  01:00:00,0.0,0.0 
 09/08  02:00:00,0.0,0.0 
 09/08  03:00:00,0.0,0.0 
 09/08  04:00:00,0.0,0.0 
 09/08  05:00:00,0.0,0.0 
 09/08  06:00:00,0.0,0.0 
 09/08  07:00:00,0.0,0.0 
 09/08  08:00:00,0.0,0.0 
 09/08  09:00:00,0.0,0.0 
 09/08  10:00:00,0.0,0.0 
 09/08  11:00:00,0.0,0.0 
 09/08  12:00:00,0.0,0.0 
 09/08  13:00:00,0.0,0.0 
 09/08  14:00:00,0.0,0.0 
 09/08  15:00:00,0.0,0.0 
 09/08  16:00:00,0.0,0.0 
 09/08  17:00:00,0.0,0.0 
 09/08  18:00:00,0.0,0.0 
 09/08  19:00:00,0.0,0.0 
 09/08  20:00:00,0.0,0.0 
 09/08  21:00:00,0.0,0.0 
 09/08  22:00:00,0.0,0.0 
 09/08  23:00:00,0.0,0.0 
 09/08  24:00:00,0.0,0.0 
 09/09  01:00:00,0.0,0.0 
 09/09  02:00:00,0.0,0.0 
 09/09  03:00:00,0.0,0.0 
 09/09  04:00:00,0.0,0.0 
 09/09  05:00:00,0.0,0.0 
 09/09  06:00:00,0.0,0.0 
 09/09  07:00:00,0.0,0.0 
 09/09  08:00:00,0.0,0.0 
 09/09  09:00:00,0.0,0.0 
 09/09  10:00:00,0.0,0.0 
 09/09  11:00:00,0.0,0.0 
 09/09  12:00:00,0.0,0.0 
 09/09  13:00:00,0.0,0.0 
 09/09  14:00:00,0.0,0.0 
 09/09  15:00:00,0.0,0.0 
 09/09  16:00:00,0.0,0.0 
 09/09  17:00:00,0.0,0.0 
 09/09  18:00:00,0.0,0.0 
 09/09  19:00:00,0.0,0.0 
 09/09  20:00:00,0.0,0.0 
 09/09  21:00:00,0.0,0.0 
 09/09  22:00:00,0.0,0.0 
 09/09  23:00:00,0.0,0.0 
 09/09  24:00:00,0.0,0.0 
 09/10  01:00:00,0.0,0.0 
 09/10  02:00:00,0.0,0.0 
 09/10  03:00:00,0.0,0.0 
 09/10  04:00:00,0.0,0.0 
 09/10  05:00:00,0.0,0.0 
 09/10  06:00:00,0.0,0.0 
 09/10  07:00:00,0.0,0.0 
 09/10  08:00:00,0.0,0.0 
 09/10  09:00:00,0.0,0.0 
 09/10  10:00:00,0.0,0.0 
 09/10  11:00:00,0.0,0.0 
 09/10  12:00:00,0.0,0.0 
 09/10  13:00:00,0.0,0.0 
 09/10  14:00:00,0.0,0.0 
 09/10  15:00:00,0.0,0.0 
 09/10  16:00:00,0.0,0.0 
 09/10  17:00:00,0.0,0.0 
 09/10  18:00:00,0.0,0.0 
 09/10  19:00:00,0.0,0.0 
 09/10  20:00:00,0.0,0.0 
 09/10  21:00:00,0.0,0.0 
 09/10  22:00:00,0.0,0.0 
 09/10  23:00:00,0.0,0.0 
 09/10  24:00:00,0.0,0.0 
 09/11  01:00:00,0.0,0.0 
 09/11  02:00:00,0.0,0.0 
 09/11  03:00:00,0.0,0.0 
 09/11  04:00:00,0.0,0.0 
 09/11  05:00:00,0.0,0.0 
 09/11  06:00:00,0.0,0.0 
 09/11  07:00:00,0.0,0.0 
 09/11  08:00:00,0.0,0.0 
 09/11  09:00:00,0.0,0.0 
 09/11  10:00:00,0.0,0.0 
 09/11  11:00:00,0.0,0.0 
 09/11  12:00:00,0.0,0.0 
 09/11  13:00:00,0.0,0.0 
 09/11  14:00:00,0.0,0.0 
 09/11  15:00:00,0.0,0.0 
 09/11  16:00:00,0.0,0.0 
 09/11  17:00:00,0.0,0.0 
 09/11  18:00:00,0.0,0.0 
 09/11  19:00:00,0.0,0.0 
 09/11  20:00:00,0.0,0.0 
 09/11  21:00:00,0.0,0.0 
 09/11  22:00:00,0.0,0.0 
 09/11  23:00:00,0.0,0.0 
 09/11  24:00:00,0.0,0.0 
 09/12  01:00:00,0.0,0.0 
 09/12  02:00:00,0.0,0.0 
 09/12  03:00:00,0.0,0.0 
 09/12  04:00:00,0.0,0.0 
 09/12  05:00:00,0.0,0.0 
 09/12  06:00:00,0.0,0.0 
 09/12  07:00:00,0.0,0.0 
 09/12  08:00:00,0.0,0.0 
 09/12  09:00:00,0.0,0.0 
 09/12  10:00:00,0.0,0.0 
 09/12  11:00:00,0.0,0.0 
 09/12  12:00:00,0.0,0.0 
 09/12  13:00:00,0.0,0.0 
 09/12  14:00:00,0.0,0.0 
 09/12  15:00:00,0.0,0.0 
 09/12  16:00:00,0.0,0.0 
 09/12  17:00:00,0.0,0.0 
 09/12  18:00:00,0.0,0.0 
 09/12  19:00:00,0.0,0.0 
 09/12  20:00:00,0.0,0.0 
 09/12  21:00:00,0.0,0.0 
 09/12  22:00:00,0.0,0.0 
 09/12  23:00:00,0.0,0.0 
 09/12  24:00:00,0.0,0.0 
 09/13  01:00:00,0.0,0.0 
 09/13  02:00:00,0.0,0.0 
 09/13  03:00:00,0.0,0.0 
 09/13  04:00:00,0.0,0.0 
 09/13  05:00:00,0.0,0.0 
 09/13  06:00:00,0.0,0.0 
 09/13  07:00:00,0.0,0.0 
 09/13  08:00:00,0.0,0.0 
 09/13  09:00:00,0.0,0.0 
 09/13  10:00:00,0.0,0.0 
 09/13  11:00:00,0.0,0.0 
 09/13  12:00:00,0.0,0.0 
 09/13  13:00:00,0.0,0.0 
 09/13  14:00:00,0.0,0.0 
 09/13  15:00:00,0.0,0.0 
 09/13  16:00:00,0.0,0.0 
 09/13  17:00:00,0.0,0.0 
 09/13  18:00:00,0.0,0.0 
 09/13  19:00:00,0.0,0.0 
 09/13  20:00:00,0.0,0.0 
 09/13  21:00:00,0.0,0.0 
 09/13  22:00:00,0.0,0.0 
 09/13  23:00:00,0.0,0.0 
 09/13  24:00:00,0.0,0.0 
 09/14  01:00:00,0.0,0.0 
 09/14  02:00:00,0.0,0.0 
 09/14  03:00:00,0.0,0.0 
 09/14  04:00:00,0.0,0.0 
 09/14  05:00:00,0.0,0.0 
 09/14  06:00:00,0.0,0.0 
 09/14  07:00:00,0.0,0.0 
 09/14  08:00:00,0.0,0.0 
 09/14  09:00:00,0.0,0.0 
 09/14  10:00:00,0.0,0.0 
 09/14  11:00:00,0.0,0.0 
 09/14  12:00:00,0.0,0.0 
 09/14  13:00:00,0.0,0.0 
 09/14  14:00:00,0.0,0.0 
 09/14  15:00:00,0.0,0.0 
 09/14  16:00:00,0.0,0.0 
 09/14  17:00:00,0.0,0.0 
 09/14  18:00:00,0.0,0.0 
 09/14  19:00:00,0.0,0.0 
 09/14  20:00:00,0.0,0.0 
 09/14  21:00:00,0.0,0.0 
 09/14  22:00:00,0.0,0.0 
 09/14  23:00:00,0.0,0.0 
 09/14  24:00:00,0.0,0.0 
 09/15  01:00:00,0.0,0.0 
 09/15  02:00:00,0.0,0.0 
 09/15  03:00:00,0.0,0.0 
 09/15  04:00:00,0.0,0.0 
 09/15  05:00:00,0.0,0.0 
 09/15  06:00:00,0.0,0.0 
 09/15  07:00:00,0.0,0.0 
 09/15  08:00:00,0.0,0.0 
 09/15  09:00:00,0.0,0.0 
 09/15  10:00:00,0.0,0.0 
 09/15  11:00:00,0.0,0.0 
 09/15  12:00:00,0.0,0.0 
 09/15  13:00:00,0.0,0.0 
 09/15  14:00:00,0.0,0.0 
 09/15  15:00:00,0.0,0.0 
 09/15  16:00:00,0.0,0.0 
 09/15  17:00:00,0.0,0.0 
 09/15  18:00:00,0.0,0.0 
 09/15  19:00:00,0.0,0.0 
 09/15  20:00:00,0.0,0.0 
 09/15  21:00:00,0.0,0.0 
 09/15  22:00:00,0.0,0.0 
 09/15  23:00:00,0.0,0.0 
 09/15  24:00:00,0.0,0.0 
 09/16  01:00:00,0.0,0.0 
 09/16  02:00:00,0.0,0.0 
 09/16  03:00:00,0.0,0.0 
 09/16  04:00:00,0.0,0.0 
 09/16  05:00:00,0.0,0.0 
 09/16  06:00:00,0.0,0.0 
 09/16  07:00:00,0.0,0.0 
 09/16  08:00:00,0.0,0.0 
 09/16  09:00:00,0.0,0.0 
 09/16  10:00:00,0.0,0.0 
 09/16  11:00:00,0.0,0.0 
 09/16  12:00:00,0.0,0.0 
 09/16  13:00:00,0.0,0.0 
 09/16  14:00:00,0.0,0.0 
 09/16  15:00:00,0.0,0.0 
 09/16  16:00:00,0.0,0.0 
 09/16  17:00:00,0.0,0.0 
 09/16  18:00:00,0.0,0.0 
 09/16  19:00:00,0.0,0.0 
 09/16  20:00:00,0.0,0.0 
 09/16  21:00:00,0.0,0.0 
 09/16  22:00:00,0.0,0.0 
 09/16  23:00:00,0.0,0.0 
 09/16  24:00:00,0.0,0.0 
 09/17  01:00:00,0.0,0.0 
 09/17  02:00:00,0.0,0.0 
 09/17  03:00:00,0.0,0.0 
 09/17  04:00:00,0.0,0.0 
 09/17  05:00:00,0.0,0.0 
 09/17  06:00:00,0.0,0.0 
 09/17  07:00:00,0.0,0.0 
 09/17  08:00:00,0.0,0.0 
 09/17  09:00:00,0.0,0.0 
 09/17  10:00:00,0.0,0.0 
 09/17  11:00:00,0.0,0.0 
 09/17  12:00:00,0.0,0.0 
 09/17  13:00:00,0.0,0.0 
 09/17  14:00:00,0.0,0.0 
 09/17  15:00:00,0.0,0.0 
 09/17  16:00:00,0.0,0.0 
 09/17  17:00:00,0.0,0.0 
 09/17  18:00:00,0.0,0.0 
 09/17  19:00:00,0.0,0.0 
 09/17  20:00:00,0.0,0.0 
 09/17  21:00:00,0.0,0.0 
 09/17  22:00:00,0.0,0.0 
 09/17  23:00:00,0.0,0.0 
 09/17  24:00:00,0.0,0.0 
 09/18  01:00:00,0.0,0.0 
 09/18  02:00:00,0.0,0.0 
 09/18  03:00:00,0.0,0.0 
 09/18  04:00:00,0.0,0.0 
 09/18  05:00:00,0.0,0.0 
 09/18  06:00:00,0.0,0.0 
 09/18  07:00:00,0.0,0.0 
 09/18  08:00:00,0.0,0.0 
 09/18  09:00:00,0.0,0.0 
 09/18  10:00:00,0.0,0.0 
 09/18  11:00:00,0.0,0.0 
 09/18  12:00:00,0.0,0.0 
 09/18  13:00:00,0.0,0.0 
 09/18  14:00:00,0.0,0.0 
 09/18  15:00:00,0.0,0.0 
 09/18  16:00:00,0.0,0.0 
 09/18  17:00:00,0.0,0.0 
 09/18  18:00:00,0.0,0.0 
 09/18  19:00:00,0.0,0.0 
 09/18  20:00:00,0.0,0.0 
 09/18  21:00:00,0.0,0.0 
 09/18  22:00:00,0.0,0.0 
 09/18  23:00:00,0.0,0.0 
 09/18  24:00:00,0.0,0.0 
 09/19  01:00:00,0.0,0.0 
 09/19  02:00:00,0.0,0.0 
 09/19  03:00:00,0.0,0.0 
 09/19  04:00:00,0.0,0.0 
 09/19  05:00:00,0.0,0.0 
 09/19  06:00:00,0.0,0.0 
 09/19  07:00:00,0.0,0.0 
 09/19  08:00:00,0.0,0.0 
 09/19  09:00:00,0.0,0.0 
 09/19  10:00:00,0.0,0.0 
 09/19  11:00:00,0.0,0.0 
 09/19  12:00:00,0.0,0.0 
 09/19  13:00:00,0.0,0.0 
 09/19  14:00:00,0.0,0.0 
 09/19  15:00:00,0.0,0.0 
 09/19  16:00:00,0.0,0.0 
 09/19  17:00:00,0.0,0.0 
 09/19  18:00:00,0.0,0.0 
 09/19  19:00:00,0.0,0.0 
 09/19  20:00:00,0.0,0.0 
 09/19  21:00:00,0.0,0.0 
 09/19  22:00:00,0.0,0.0 
 09/19  23:00:00,0.0,0.0 
 09/19  24:00:00,0.0,0.0 
 09/20  01:00:00,0.0,0.0 
 09/20  02:00:00,0.0,0.0 
 09/20  03:00:00,0.0,0.0 
 09/20  04:00:00,0.0,0.0 
 09/20  05:00:00,0.0,0.0 
 09/20  06:00:00,0.0,0.0 
 09/20  07:00:00,43279.57421046085,403429.78658664 
 09/20  08:00:00,130061.03487940638,493275.2130216883 
 09/20  09:00:00,0.0,10227.379087109151 
 09/20  10:00:00,0.0,0.0 
 09/20  11:00:00,0.0,0.0 
 09/20  12:00:00,0.0,0.0 
 09/20  13:00:00,0.0,0.0 
 09/20  14:00:00,0.0,0.0 
 09/20  15:00:00,0.0,0.0 
 09/20  16:00:00,0.0,0.0 
 09/20  17:00:00,0.0,0.0 
 09/20  18:00:00,0.0,0.0 
 09/20  19:00:00,0.0,0.0 
 09/20  20:00:00,0.0,0.0 
 09/20  21:00:00,0.0,0.0 
 09/20  22:00:00,0.0,0.0 
 09/20  23:00:00,0.0,0.0 
 09/20  24:00:00,0.0,0.0 
 09/21  01:00:00,0.0,0.0 
 09/21  02:00:00,0.0,0.0 
 09/21  03:00:00,0.0,0.0 
 09/21  04:00:00,0.0,0.0 
 09/21  05:00:00,0.0,0.0 
 09/21  06:00:00,0.0,0.0 
 09/21  07:00:00,0.0,0.0 
 09/21  08:00:00,0.0,0.0 
 09/21  09:00:00,0.0,0.0 
 09/21  10:00:00,0.0,0.0 
 09/21  11:00:00,0.0,0.0 
 09/21  12:00:00,0.0,0.0 
 09/21  13:00:00,0.0,0.0 
 09/21  14:00:00,0.0,0.0 
 09/21  15:00:00,0.0,0.0 
 09/21  16:00:00,0.0,0.0 
 09/21  17:00:00,0.0,0.0 
 09/21  18:00:00,0.0,0.0 
 09/21  19:00:00,0.0,0.0 
 09/21  20:00:00,0.0,0.0 
 09/21  21:00:00,0.0,0.0 
 09/21  22:00:00,0.0,0.0 
 09/21  23:00:00,0.0,0.0 
 09/21  24:00:00,0.0,0.0 
 09/22  01:00:00,0.0,0.0 
 09/22  02:00:00,0.0,0.0 
 09/22  03:00:00,0.0,0.0 
 09/22  04:00:00,0.0,0.0 
 09/22  05:00:00,0.0,0.0 
 09/22  06:00:00,0.0,0.0 
 09/22  07:00:00,0.0,29040.61322362104 
 09/22  08:00:00,0.0,175136.18018989364 
 09/22  09:00:00,0.0,0.0 
 09/22  10:00:00,0.0,0.0 
 09/22  11:00:00,0.0,0.0 
 09/22  12:00:00,0.0,0.0 
 09/22  13:00:00,0.0,0.0 
 09/22  14:00:00,0.0,0.0 
 09/22  15:00:00,0.0,0.0 
 09/22  16:00:00,0.0,0.0 
 09/22  17:00:00,0.0,0.0 
 09/22  18:00:00,0.0,0.0 
 09/22  19:00:00,0.0,0.0 
 09/22  20:00:00,0.0,0.0 
 09/22  21:00:00,0.0,0.0 
 09/22  22:00:00,0.0,0.0 
 09/22  23:00:00,0.0,0.0 
 09/22  24:00:00,0.0,8533.574193232198 
 09/23  01:00:00,156018.3964433374,334017.575985688 
 09/23  02:00:00,392298.75286321406,635034.8107302417 
 09/23  03:00:00,595236.913545151,920960.6013619967 
 09/23  04:00:00,838084.1973927877,1231630.3874534725 
 09/23  05:00:00,1064485.2719381226,1522612.4203169115 
 09/23  06:00:00,1242111.9271755575,1791414.6864719691 
 09/23  07:00:00,1387397.3708641783,1983059.2021788768 
 09/23  08:00:00,1399261.484008355,1943275.1773471741 
 09/23  09:00:00,812881.9137501902,1042235.1082124377 
 09/23  10:00:00,78211.94944289819,63607.82516216714 
 09/23  11:00:00,0.0,0.0 
 09/23  12:00:00,0.0,0.0 
 09/23  13:00:00,0.0,0.0 
 09/23  14:00:00,0.0,0.0 
 09/23  15:00:00,0.0,0.0 
 09/23  16:00:00,0.0,0.0 
 09/23  17:00:00,0.0,0.0 
 09/23  18:00:00,0.0,0.0 
 09/23  19:00:00,0.0,0.0 
 09/23  20:00:00,0.0,0.0 
 09/23  21:00:00,0.0,0.0 
 09/23  22:00:00,302561.88149226585,322302.54278194334 
 09/23  23:00:00,726598.4851770045,923294.0992764533 
 09/23  24:00:00,979792.7280426085,1290540.954638392 
 09/24  01:00:00,1181947.9871250326,1582228.0536087507 
 09/24  02:00:00,1400018.163815567,1883424.3657190427 
 09/24  03:00:00,1571654.98141397,2121637.5780077684 
 09/24  04:00:00,1712712.2238858072,2317621.139576948 
 09/24  05:00:00,1839179.16043844,2494176.7635922274 
 09/24  06:00:00,1987924.4276114944,2696087.4061247855 
 09/24  07:00:00,2138998.524792975,2892969.520907521 
 09/24  08:00:00,2157195.7961248895,2885360.454226512 
 09/24  09:00:00,1449709.3787744376,1831696.104655549 
 09/24  10:00:00,506496.95997769834,469292.7163448774 
 09/24  11:00:00,4004.710863505898,0.0 
 09/24  12:00:00,0.0,0.0 
 09/24  13:00:00,0.0,0.0 
 09/24  14:00:00,0.0,0.0 
 09/24  15:00:00,0.0,0.0 
 09/24  16:00:00,0.0,0.0 
 09/24  17:00:00,0.0,0.0 
 09/24  18:00:00,0.0,0.0 
 09/24  19:00:00,0.0,0.0 
 09/24  20:00:00,0.0,0.0 
 09/24  21:00:00,0.0,0.0 
 09/24  22:00:00,0.0,0.0 
 09/24  23:00:00,0.0,0.0 
 09/24  24:00:00,0.0,0.0 
 09/25  01:00:00,305876.91682374786,432396.73997486685 
 09/25  02:00:00,739998.6234017008,1076061.1427329984 
 09/25  03:00:00,1104828.0502956347,1578705.528945046 
 09/25  04:00:00,1373312.1122094956,1946396.849476309 
 09/25  05:00:00,1560709.856583553,2211599.6461473433 
 09/25  06:00:00,1758146.9467771386,2489625.192756986 
 09/25  07:00:00,1962490.8083023862,2766252.5294137006 
 09/25  08:00:00,1924498.7585013544,2632148.692006532 
 09/25  09:00:00,1094846.8968163093,1320149.2991119341 
 09/25  10:00:00,184344.72783074965,138387.40013465434 
 09/25  11:00:00,0.0,0.0 
 09/25  12:00:00,0.0,0.0 
 09/25  13:00:00,0.0,0.0 
 09/25  14:00:00,0.0,0.0 
 09/25  15:00:00,0.0,0.0 
 09/25  16:00:00,0.0,0.0 
 09/25  17:00:00,0.0,0.0 
 09/25  18:00:00,0.0,0.0 
 09/25  19:00:00,0.0,0.0 
 09/25  20:00:00,0.0,0.0 
 09/25  21:00:00,0.0,0.0 
 09/25  22:00:00,0.0,0.0 
 09/25  23:00:00,0.0,0.0 
 09/25  24:00:00,0.0,0.0 
 09/26  01:00:00,0.0,0.0 
 09/26  02:00:00,239750.5252752388,392293.623634016 
 09/26  03:00:00,675492.7145289519,1025463.0676001143 
 09/26  04:00:00,1018748.040379271,1495058.4507253044 
 09/26  05:00:00,1279880.4459476802,1844348.0739931979 
 09/26  06:00:00,1504894.3754641784,2148871.6570879207 
 09/26  07:00:00,1673977.9695902504,2372474.544813305 
 09/26  08:00:00,1674229.856781914,2341623.2658838667 
 09/26  09:00:00,859975.4076629112,1107276.7393654454 
 09/26  10:00:00,65620.50991615397,51682.66541484263 
 09/26  11:00:00,0.0,0.0 
 09/26  12:00:00,0.0,0.0 
 09/26  13:00:00,0.0,0.0 
 09/26  14:00:00,0.0,0.0 
 09/26  15:00:00,0.0,0.0 
 09/26  16:00:00,0.0,0.0 
 09/26  17:00:00,0.0,0.0 
 09/26  18:00:00,0.0,0.0 
 09/26  19:00:00,0.0,0.0 
 09/26  20:00:00,0.0,0.0 
 09/26  21:00:00,0.0,0.0 
 09/26  22:00:00,0.0,0.0 
 09/26  23:00:00,0.0,0.0 
 09/26  24:00:00,0.0,0.0 
 09/27  01:00:00,0.0,0.0 
 09/27  02:00:00,0.0,0.0 
 09/27  03:00:00,68315.12151001881,190993.24864742666 
 09/27  04:00:00,431555.1335972785,777599.4481671195 
 09/27  05:00:00,709114.3577486161,1192574.1012251384 
 09/27  06:00:00,976604.8361336812,1557755.7002231246 
 09/27  07:00:00,1208146.0002068002,1854864.2346383515 
 09/27  08:00:00,1243435.66754785,1841636.33251687 
 09/27  09:00:00,523434.0066693687,687391.2916582143 
 09/27  10:00:00,296.9337276961597,0.0 
 09/27  11:00:00,0.0,0.0 
 09/27  12:00:00,0.0,0.0 
 09/27  13:00:00,0.0,0.0 
 09/27  14:00:00,0.0,0.0 
 09/27  15:00:00,0.0,0.0 
 09/27  16:00:00,0.0,0.0 
 09/27  17:00:00,0.0,0.0 
 09/27  18:00:00,0.0,0.0 
 09/27  19:00:00,0.0,0.0 
 09/27  20:00:00,0.0,0.0 
 09/27  21:00:00,0.0,0.0 
 09/27  22:00:00,0.0,0.0 
 09/27  23:00:00,0.0,0.0 
 09/27  24:00:00,0.0,0.0 
 09/28  01:00:00,0.0,0.0 
 09/28  02:00:00,0.0,0.0 
 09/28  03:00:00,0.0,0.0 
 09/28  04:00:00,0.0,0.0 
 09/28  05:00:00,0.0,0.0 
 09/28  06:00:00,0.0,0.0 
 09/28  07:00:00,0.0,0.0 
 09/28  08:00:00,56425.70736755734,23696.2097564101 
 09/28  09:00:00,0.0,0.0 
 09/28  10:00:00,0.0,0.0 
 09/28  11:00:00,0.0,0.0 
 09/28  12:00:00,0.0,0.0 
 09/28  13:00:00,0.0,0.0 
 09/28  14:00:00,0.0,0.0 
 09/28  15:00:00,0.0,0.0 
 09/28  16:00:00,0.0,0.0 
 09/28  17:00:00,0.0,0.0 
 09/28  18:00:00,0.0,0.0 
 09/28  19:00:00,0.0,0.0 
 09/28  20:00:00,0.0,0.0 
 09/28  21:00:00,0.0,0.0 
 09/28  22:00:00,0.0,0.0 
 09/28  23:00:00,0.0,0.0 
 09/28  24:00:00,0.0,0.0 
 09/29  01:00:00,0.0,0.0 
 09/29  02:00:00,0.0,0.0 
 09/29  03:00:00,0.0,0.0 
 09/29  04:00:00,0.0,0.0 
 09/29  05:00:00,0.0,0.0 
 09/29  06:00:00,0.0,0.0 
 09/29  07:00:00,0.0,0.0 
 09/29  08:00:00,0.0,54715.89610367082 
 09/29  09:00:00,0.0,0.0 
 09/29  10:00:00,0.0,0.0 
 09/29  11:00:00,0.0,0.0 
 09/29  12:00:00,0.0,0.0 
 09/29  13:00:00,0.0,0.0 
 09/29  14:00:00,0.0,0.0 
 09/29  15:00:00,0.0,0.0 
 09/29  16:00:00,0.0,0.0 
 09/29  17:00:00,0.0,0.0 
 09/29  18:00:00,0.0,0.0 
 09/29  19:00:00,0.0,0.0 
 09/29  20:00:00,0.0,0.0 
 09/29  21:00:00,0.0,0.0 
 09/29  22:00:00,0.0,0.0 
 09/29  23:00:00,0.0,0.0 
 09/29  24:00:00,0.0,0.0 
 09/30  01:00:00,0.0,0.0 
 09/30  02:00:00,0.0,0.0 
 09/30  03:00:00,0.0,0.0 
 09/30  04:00:00,0.0,0.0 
 09/30  05:00:00,0.0,0.0 
 09/30  06:00:00,0.0,0.0 
 09/30  07:00:00,0.0,0.0 
 09/30  08:00:00,0.0,0.0 
 09/30  09:00:00,0.0,0.0 
 09/30  10:00:00,0.0,0.0 
 09/30  11:00:00,0.0,0.0 
 09/30  12:00:00,0.0,0.0 
 09/30  13:00:00,0.0,0.0 
 09/30  14:00:00,0.0,0.0 
 09/30  15:00:00,0.0,0.0 
 09/30  16:00:00,0.0,0.0 
 09/30  17:00:00,0.0,0.0 
 09/30  18:00:00,0.0,0.0 
 09/30  19:00:00,0.0,0.0 
 09/30  20:00:00,0.0,0.0 
 09/30  21:00:00,0.0,0.0 
 09/30  22:00:00,0.0,0.0 
 09/30  23:00:00,0.0,0.0 
 09/30  24:00:00,0.0,0.0 
 10/01  01:00:00,0.0,0.0 
 10/01  02:00:00,0.0,0.0 
 10/01  03:00:00,0.0,0.0 
 10/01  04:00:00,0.0,0.0 
 10/01  05:00:00,0.0,0.0 
 10/01  06:00:00,0.0,0.0 
 10/01  07:00:00,0.0,310787.3325640481 
 10/01  08:00:00,133261.04553662226,515775.4921318738 
 10/01  09:00:00,4502.634533290984,64278.99756932529 
 10/01  10:00:00,0.0,0.0 
 10/01  11:00:00,0.0,0.0 
 10/01  12:00:00,0.0,0.0 
 10/01  13:00:00,0.0,0.0 
 10/01  14:00:00,0.0,0.0 
 10/01  15:00:00,0.0,0.0 
 10/01  16:00:00,0.0,0.0 
 10/01  17:00:00,0.0,0.0 
 10/01  18:00:00,0.0,0.0 
 10/01  19:00:00,0.0,0.0 
 10/01  20:00:00,0.0,0.0 
 10/01  21:00:00,0.0,0.0 
 10/01  22:00:00,0.0,0.0 
 10/01  23:00:00,0.0,0.0 
 10/01  24:00:00,0.0,0.0 
 10/02  01:00:00,0.0,0.0 
 10/02  02:00:00,0.0,0.0 
 10/02  03:00:00,0.0,0.0 
 10/02  04:00:00,0.0,0.0 
 10/02  05:00:00,0.0,0.0 
 10/02  06:00:00,0.0,169773.26063269793 
 10/02  07:00:00,137981.38718745395,501145.55268294434 
 10/02  08:00:00,301880.9438920282,678797.5040717276 
 10/02  09:00:00,34271.46570708064,125254.22618320445 
 10/02  10:00:00,0.0,0.0 
 10/02  11:00:00,0.0,0.0 
 10/02  12:00:00,0.0,0.0 
 10/02  13:00:00,0.0,0.0 
 10/02  14:00:00,0.0,0.0 
 10/02  15:00:00,0.0,0.0 
 10/02  16:00:00,0.0,0.0 
 10/02  17:00:00,0.0,0.0 
 10/02  18:00:00,0.0,0.0 
 10/02  19:00:00,0.0,0.0 
 10/02  20:00:00,0.0,0.0 
 10/02  21:00:00,0.0,0.0 
 10/02  22:00:00,0.0,0.0 
 10/02  23:00:00,0.0,0.0 
 10/02  24:00:00,0.0,0.0 
 10/03  01:00:00,0.0,0.0 
 10/03  02:00:00,0.0,0.0 
 10/03  03:00:00,0.0,0.0 
 10/03  04:00:00,0.0,0.0 
 10/03  05:00:00,0.0,0.0 
 10/03  06:00:00,0.0,0.0 
 10/03  07:00:00,0.0,0.0 
 10/03  08:00:00,0.0,0.0 
 10/03  09:00:00,0.0,0.0 
 10/03  10:00:00,0.0,0.0 
 10/03  11:00:00,0.0,0.0 
 10/03  12:00:00,0.0,0.0 
 10/03  13:00:00,0.0,0.0 
 10/03  14:00:00,0.0,0.0 
 10/03  15:00:00,0.0,0.0 
 10/03  16:00:00,0.0,0.0 
 10/03  17:00:00,0.0,0.0 
 10/03  18:00:00,0.0,0.0 
 10/03  19:00:00,0.0,0.0 
 10/03  20:00:00,0.0,0.0 
 10/03  21:00:00,0.0,0.0 
 10/03  22:00:00,0.0,0.0 
 10/03  23:00:00,0.0,0.0 
 10/03  24:00:00,0.0,0.0 
 10/04  01:00:00,0.0,0.0 
 10/04  02:00:00,0.0,0.0 
 10/04  03:00:00,0.0,0.0 
 10/04  04:00:00,0.0,0.0 
 10/04  05:00:00,0.0,0.0 
 10/04  06:00:00,0.0,0.0 
 10/04  07:00:00,0.0,0.0 
 10/04  08:00:00,0.0,0.0 
 10/04  09:00:00,0.0,0.0 
 10/04  10:00:00,0.0,0.0 
 10/04  11:00:00,0.0,0.0 
 10/04  12:00:00,0.0,0.0 
 10/04  13:00:00,0.0,0.0 
 10/04  14:00:00,0.0,0.0 
 10/04  15:00:00,0.0,0.0 
 10/04  16:00:00,0.0,0.0 
 10/04  17:00:00,0.0,0.0 
 10/04  18:00:00,0.0,0.0 
 10/04  19:00:00,0.0,0.0 
 10/04  20:00:00,0.0,0.0 
 10/04  21:00:00,0.0,0.0 
 10/04  22:00:00,0.0,0.0 
 10/04  23:00:00,0.0,0.0 
 10/04  24:00:00,0.0,0.0 
 10/05  01:00:00,21462.15814675234,9462.541807690286 
 10/05  02:00:00,329539.63460595114,421364.4841200607 
 10/05  03:00:00,649054.5829002375,877470.0057044749 
 10/05  04:00:00,987652.0317190443,1369272.2797254713 
 10/05  05:00:00,1203023.869439755,1654458.9884348644 
 10/05  06:00:00,1404935.0270477997,1888213.0089881273 
 10/05  07:00:00,1599743.8457618658,2137054.2858538274 
 10/05  08:00:00,1696517.3799126113,2249186.5810157405 
 10/05  09:00:00,1254707.6375530788,1556655.0679771078 
 10/05  10:00:00,429113.57482196245,380432.4283291914 
 10/05  11:00:00,0.0,0.0 
 10/05  12:00:00,0.0,0.0 
 10/05  13:00:00,0.0,0.0 
 10/05  14:00:00,0.0,0.0 
 10/05  15:00:00,0.0,0.0 
 10/05  16:00:00,0.0,0.0 
 10/05  17:00:00,0.0,0.0 
 10/05  18:00:00,0.0,0.0 
 10/05  19:00:00,0.0,0.0 
 10/05  20:00:00,0.0,0.0 
 10/05  21:00:00,0.0,0.0 
 10/05  22:00:00,0.0,0.0 
 10/05  23:00:00,0.0,0.0 
 10/05  24:00:00,0.0,0.0 
 10/06  01:00:00,228942.82817207422,67268.92988400577 
 10/06  02:00:00,562390.7187819423,535216.8673211774 
 10/06  03:00:00,897012.2849385444,1030207.9361084885 
 10/06  04:00:00,1161871.5689495637,1421133.9783757096 
 10/06  05:00:00,1366986.0324432203,1711371.927621559 
 10/06  06:00:00,1551534.2181980675,1982675.9244823987 
 10/06  07:00:00,1794385.8367494112,2336062.4237266546 
 10/06  08:00:00,1959293.6569873057,2560099.939970398 
 10/06  09:00:00,1452824.018147726,1756987.0697516606 
 10/06  10:00:00,458364.3787651603,370166.45003770245 
 10/06  11:00:00,0.0,0.0 
 10/06  12:00:00,0.0,0.0 
 10/06  13:00:00,0.0,0.0 
 10/06  14:00:00,0.0,0.0 
 10/06  15:00:00,0.0,0.0 
 10/06  16:00:00,0.0,0.0 
 10/06  17:00:00,0.0,0.0 
 10/06  18:00:00,0.0,0.0 
 10/06  19:00:00,0.0,0.0 
 10/06  20:00:00,0.0,0.0 
 10/06  21:00:00,0.0,0.0 
 10/06  22:00:00,0.0,0.0 
 10/06  23:00:00,0.0,0.0 
 10/06  24:00:00,141401.88238785995,117269.12088071695 
 10/07  01:00:00,679731.3891309015,878721.5511417598 
 10/07  02:00:00,1130563.1979405496,1527142.9360811375 
 10/07  03:00:00,1455565.0541556398,1985881.0355569324 
 10/07  04:00:00,1791246.2776473402,2443498.2447846066 
 10/07  05:00:00,2069292.2442083317,2820486.73714799 
 10/07  06:00:00,2286135.0560057634,3125706.1201590253 
 10/07  07:00:00,2456327.1392159336,3372788.573633899 
 10/07  08:00:00,2506882.216723398,3422915.0287644435 
 10/07  09:00:00,1820279.7937215897,2339322.1035812846 
 10/07  10:00:00,649599.2533978904,632419.4543803553 
 10/07  11:00:00,2620.6893173082794,0.0 
 10/07  12:00:00,0.0,0.0 
 10/07  13:00:00,0.0,0.0 
 10/07  14:00:00,0.0,0.0 
 10/07  15:00:00,0.0,0.0 
 10/07  16:00:00,0.0,0.0 
 10/07  17:00:00,0.0,0.0 
 10/07  18:00:00,0.0,0.0 
 10/07  19:00:00,0.0,0.0 
 10/07  20:00:00,0.0,0.0 
 10/07  21:00:00,0.0,0.0 
 10/07  22:00:00,0.0,0.0 
 10/07  23:00:00,0.0,0.0 
 10/07  24:00:00,0.0,0.0 
 10/08  01:00:00,0.0,0.0 
 10/08  02:00:00,145557.72325242072,354429.6617090317 
 10/08  03:00:00,530769.1148358223,899287.4981141875 
 10/08  04:00:00,866916.2043202735,1360742.9946471741 
 10/08  05:00:00,1161940.212853098,1753084.179839777 
 10/08  06:00:00,1441691.4324923581,2113918.3449686756 
 10/08  07:00:00,1666443.7702773714,2423490.1528058434 
 10/08  08:00:00,1814785.0810810286,2586720.6422552853 
 10/08  09:00:00,1277720.5893277153,1719771.0404203306 
 10/08  10:00:00,214814.85081406863,237018.46177050026 
 10/08  11:00:00,0.0,0.0 
 10/08  12:00:00,0.0,0.0 
 10/08  13:00:00,0.0,0.0 
 10/08  14:00:00,0.0,0.0 
 10/08  15:00:00,0.0,0.0 
 10/08  16:00:00,0.0,0.0 
 10/08  17:00:00,0.0,0.0 
 10/08  18:00:00,0.0,0.0 
 10/08  19:00:00,0.0,0.0 
 10/08  20:00:00,0.0,0.0 
 10/08  21:00:00,0.0,0.0 
 10/08  22:00:00,0.0,0.0 
 10/08  23:00:00,0.0,0.0 
 10/08  24:00:00,0.0,0.0 
 10/09  01:00:00,0.0,0.0 
 10/09  02:00:00,0.0,72723.4121249392 
 10/09  03:00:00,223244.16763230768,574977.3809834995 
 10/09  04:00:00,566321.7778574537,1043309.4883599093 
 10/09  05:00:00,867887.9362266562,1441400.1626880402 
 10/09  06:00:00,1138086.7485749666,1789453.1458512219 
 10/09  07:00:00,1319732.8439894002,2016274.7481549536 
 10/09  08:00:00,1398039.2737985183,2086764.397615302 
 10/09  09:00:00,871286.79794426,1255241.7474024945 
 10/09  10:00:00,46544.070684904,64707.47931166843 
 10/09  11:00:00,0.0,0.0 
 10/09  12:00:00,0.0,0.0 
 10/09  13:00:00,0.0,0.0 
 10/09  14:00:00,0.0,0.0 
 10/09  15:00:00,0.0,0.0 
 10/09  16:00:00,0.0,0.0 
 10/09  17:00:00,0.0,0.0 
 10/09  18:00:00,0.0,0.0 
 10/09  19:00:00,0.0,0.0 
 10/09  20:00:00,0.0,0.0 
 10/09  21:00:00,0.0,0.0 
 10/09  22:00:00,0.0,0.0 
 10/09  23:00:00,0.0,0.0 
 10/09  24:00:00,0.0,0.0 
 10/10  01:00:00,0.0,0.0 
 10/10  02:00:00,0.0,0.0 
 10/10  03:00:00,0.0,0.0 
 10/10  04:00:00,0.0,81748.1796619446 
 10/10  05:00:00,133547.73432567454,589359.1150708416 
 10/10  06:00:00,470157.9752961552,1038356.9972313817 
 10/10  07:00:00,751425.5327442356,1397017.8071639503 
 10/10  08:00:00,941048.4370804202,1592251.0260710043 
 10/10  09:00:00,501618.0800934824,836941.6042162165 
 10/10  10:00:00,0.0,0.0 
 10/10  11:00:00,0.0,0.0 
 10/10  12:00:00,0.0,0.0 
 10/10  13:00:00,0.0,0.0 
 10/10  14:00:00,0.0,0.0 
 10/10  15:00:00,0.0,0.0 
 10/10  16:00:00,0.0,0.0 
 10/10  17:00:00,0.0,0.0 
 10/10  18:00:00,0.0,0.0 
 10/10  19:00:00,0.0,0.0 
 10/10  20:00:00,0.0,0.0 
 10/10  21:00:00,0.0,0.0 
 10/10  22:00:00,0.0,0.0 
 10/10  23:00:00,0.0,0.0 
 10/10  24:00:00,0.0,0.0 
 10/11  01:00:00,0.0,0.0 
 10/11  02:00:00,0.0,0.0 
 10/11  03:00:00,0.0,0.0 
 10/11  04:00:00,41763.61854377101,383586.9895517011 
 10/11  05:00:00,367476.88125019416,865961.8143214073 
 10/11  06:00:00,694510.2271014607,1293716.5659129235 
 10/11  07:00:00,996768.4398899133,1671480.4679791115 
 10/11  08:00:00,1207432.8543519704,1894524.0051150415 
 10/11  09:00:00,741737.110100731,1118691.0927218816 
 10/11  10:00:00,20544.58295460863,33721.25675986973 
 10/11  11:00:00,0.0,0.0 
 10/11  12:00:00,0.0,0.0 
 10/11  13:00:00,0.0,0.0 
 10/11  14:00:00,0.0,0.0 
 10/11  15:00:00,0.0,0.0 
 10/11  16:00:00,0.0,0.0 
 10/11  17:00:00,0.0,0.0 
 10/11  18:00:00,0.0,0.0 
 10/11  19:00:00,0.0,0.0 
 10/11  20:00:00,0.0,0.0 
 10/11  21:00:00,0.0,0.0 
 10/11  22:00:00,0.0,0.0 
 10/11  23:00:00,0.0,0.0 
 10/11  24:00:00,0.0,0.0 
 10/12  01:00:00,0.0,0.0 
 10/12  02:00:00,0.0,0.0 
 10/12  03:00:00,0.0,0.0 
 10/12  04:00:00,0.0,0.0 
 10/12  05:00:00,0.0,0.0 
 10/12  06:00:00,0.0,0.0 
 10/12  07:00:00,0.0,0.0 
 10/12  08:00:00,0.0,58091.093064966844 
 10/12  09:00:00,0.0,7939.441304545472 
 10/12  10:00:00,0.0,0.0 
 10/12  11:00:00,0.0,0.0 
 10/12  12:00:00,0.0,0.0 
 10/12  13:00:00,0.0,0.0 
 10/12  14:00:00,0.0,0.0 
 10/12  15:00:00,0.0,0.0 
 10/12  16:00:00,0.0,0.0 
 10/12  17:00:00,0.0,0.0 
 10/12  18:00:00,0.0,0.0 
 10/12  19:00:00,0.0,0.0 
 10/12  20:00:00,0.0,0.0 
 10/12  21:00:00,0.0,0.0 
 10/12  22:00:00,0.0,0.0 
 10/12  23:00:00,0.0,0.0 
 10/12  24:00:00,0.0,0.0 
 10/13  01:00:00,0.0,0.0 
 10/13  02:00:00,0.0,0.0 
 10/13  03:00:00,0.0,0.0 
 10/13  04:00:00,0.0,0.0 
 10/13  05:00:00,0.0,0.0 
 10/13  06:00:00,0.0,0.0 
 10/13  07:00:00,0.0,0.0 
 10/13  08:00:00,0.0,0.0 
 10/13  09:00:00,0.0,0.0 
 10/13  10:00:00,0.0,0.0 
 10/13  11:00:00,0.0,0.0 
 10/13  12:00:00,0.0,0.0 
 10/13  13:00:00,0.0,0.0 
 10/13  14:00:00,0.0,0.0 
 10/13  15:00:00,0.0,0.0 
 10/13  16:00:00,0.0,0.0 
 10/13  17:00:00,0.0,0.0 
 10/13  18:00:00,0.0,0.0 
 10/13  19:00:00,0.0,0.0 
 10/13  20:00:00,0.0,0.0 
 10/13  21:00:00,0.0,0.0 
 10/13  22:00:00,0.0,0.0 
 10/13  23:00:00,0.0,0.0 
 10/13  24:00:00,0.0,0.0 
 10/14  01:00:00,0.0,0.0 
 10/14  02:00:00,0.0,0.0 
 10/14  03:00:00,0.0,0.0 
 10/14  04:00:00,0.0,0.0 
 10/14  05:00:00,0.0,0.0 
 10/14  06:00:00,0.0,0.0 
 10/14  07:00:00,0.0,0.0 
 10/14  08:00:00,0.0,0.0 
 10/14  09:00:00,0.0,0.0 
 10/14  10:00:00,0.0,0.0 
 10/14  11:00:00,0.0,0.0 
 10/14  12:00:00,0.0,0.0 
 10/14  13:00:00,0.0,0.0 
 10/14  14:00:00,0.0,0.0 
 10/14  15:00:00,0.0,0.0 
 10/14  16:00:00,0.0,0.0 
 10/14  17:00:00,0.0,0.0 
 10/14  18:00:00,0.0,0.0 
 10/14  19:00:00,0.0,0.0 
 10/14  20:00:00,0.0,0.0 
 10/14  21:00:00,0.0,0.0 
 10/14  22:00:00,0.0,0.0 
 10/14  23:00:00,0.0,0.0 
 10/14  24:00:00,0.0,0.0 
 10/15  01:00:00,0.0,0.0 
 10/15  02:00:00,0.0,0.0 
 10/15  03:00:00,0.0,0.0 
 10/15  04:00:00,98174.80476223283,242216.16950252358 
 10/15  05:00:00,391402.0882092299,655785.5837263751 
 10/15  06:00:00,604593.9493049788,907075.624784291 
 10/15  07:00:00,793570.3908748592,1128944.2216670695 
 10/15  08:00:00,940124.0144358155,1296524.086582582 
 10/15  09:00:00,896589.9748581208,1188776.0155769433 
 10/15  10:00:00,561556.0197091086,697578.1104985755 
 10/15  11:00:00,163253.74196012056,169121.07767111558 
 10/15  12:00:00,0.0,0.0 
 10/15  13:00:00,0.0,0.0 
 10/15  14:00:00,0.0,0.0 
 10/15  15:00:00,0.0,0.0 
 10/15  16:00:00,0.0,0.0 
 10/15  17:00:00,0.0,0.0 
 10/15  18:00:00,0.0,0.0 
 10/15  19:00:00,100340.10798339949,117728.80580768979 
 10/15  20:00:00,505372.4783482423,626744.3153790518 
 10/15  21:00:00,806884.166638188,1013837.9767401007 
 10/15  22:00:00,1027487.2604446711,1298872.3285132735 
 10/15  23:00:00,1203091.0963981957,1526325.4387915004 
 10/15  24:00:00,1363305.1835576394,1739071.4921468596 
 10/16  01:00:00,1536009.8041459927,1965086.8844327095 
 10/16  02:00:00,1730773.9164544232,2214251.6036970234 
 10/16  03:00:00,1930216.1882373206,2471281.1986625167 
 10/16  04:00:00,2137547.0719233854,2742215.5128424717 
 10/16  05:00:00,2313308.9962554937,2975904.119113183 
 10/16  06:00:00,2422955.111122399,3125158.659562587 
 10/16  07:00:00,2543850.413845053,3280864.330177153 
 10/16  08:00:00,2646676.8454628102,3398867.165213848 
 10/16  09:00:00,2428763.067832982,3021574.2895529885 
 10/16  10:00:00,1718737.7428909952,1917389.8365942617 
 10/16  11:00:00,900106.7026146855,751644.6049007536 
 10/16  12:00:00,219996.909333449,23847.857742330234 
 10/16  13:00:00,0.0,0.0 
 10/16  14:00:00,0.0,0.0 
 10/16  15:00:00,0.0,0.0 
 10/16  16:00:00,0.0,0.0 
 10/16  17:00:00,0.0,0.0 
 10/16  18:00:00,0.0,0.0 
 10/16  19:00:00,96479.89851790336,30506.693668482334 
 10/16  20:00:00,647112.8854058443,706784.9838522846 
 10/16  21:00:00,1068456.5162467435,1294922.5151288768 
 10/16  22:00:00,1275066.925894403,1622444.1968885725 
 10/16  23:00:00,1360290.4915500574,1780807.9343817662 
 10/16  24:00:00,1516898.8801291438,1984679.2346296404 
 10/17  01:00:00,1716528.5007051819,2252653.0352044576 
 10/17  02:00:00,1863060.097155447,2448460.2311854055 
 10/17  03:00:00,1912894.8546954803,2513022.7263261704 
 10/17  04:00:00,1934984.6463086873,2528724.738466555 
 10/17  05:00:00,1949830.7449682183,2522937.7002762267 
 10/17  06:00:00,1970140.3377389172,2538941.6618266944 
 10/17  07:00:00,2029181.0298129655,2615322.9842607453 
 10/17  08:00:00,2052192.7524438014,2638415.097982027 
 10/17  09:00:00,1770819.43942248,2233114.65416574 
 10/17  10:00:00,1028752.3056320962,1193476.4145053073 
 10/17  11:00:00,223015.59355407814,187204.64463433382 
 10/17  12:00:00,0.0,0.0 
 10/17  13:00:00,0.0,0.0 
 10/17  14:00:00,0.0,0.0 
 10/17  15:00:00,0.0,0.0 
 10/17  16:00:00,0.0,0.0 
 10/17  17:00:00,0.0,0.0 
 10/17  18:00:00,0.0,0.0 
 10/17  19:00:00,0.0,0.0 
 10/17  20:00:00,0.0,0.0 
 10/17  21:00:00,0.0,0.0 
 10/17  22:00:00,0.0,0.0 
 10/17  23:00:00,0.0,0.0 
 10/17  24:00:00,0.0,0.0 
 10/18  01:00:00,0.0,0.0 
 10/18  02:00:00,0.0,0.0 
 10/18  03:00:00,0.0,3775.033335945045 
 10/18  04:00:00,96620.98282115621,193049.25864061952 
 10/18  05:00:00,140043.60954641743,270431.3413492702 
 10/18  06:00:00,117801.71552870088,258569.40874495995 
 10/18  07:00:00,111485.43550149481,262686.4332576726 
 10/18  08:00:00,137727.86681326688,302912.52710021724 
 10/18  09:00:00,31141.52648719173,105135.82823708784 
 10/18  10:00:00,0.0,0.0 
 10/18  11:00:00,0.0,0.0 
 10/18  12:00:00,0.0,0.0 
 10/18  13:00:00,0.0,0.0 
 10/18  14:00:00,0.0,0.0 
 10/18  15:00:00,0.0,0.0 
 10/18  16:00:00,0.0,0.0 
 10/18  17:00:00,0.0,0.0 
 10/18  18:00:00,0.0,0.0 
 10/18  19:00:00,0.0,0.0 
 10/18  20:00:00,0.0,0.0 
 10/18  21:00:00,0.0,0.0 
 10/18  22:00:00,0.0,0.0 
 10/18  23:00:00,0.0,0.0 
 10/18  24:00:00,0.0,0.0 
 10/19  01:00:00,0.0,0.0 
 10/19  02:00:00,0.0,0.0 
 10/19  03:00:00,0.0,0.0 
 10/19  04:00:00,0.0,0.0 
 10/19  05:00:00,0.0,0.0 
 10/19  06:00:00,0.0,0.0 
 10/19  07:00:00,0.0,0.0 
 10/19  08:00:00,0.0,0.0 
 10/19  09:00:00,0.0,0.0 
 10/19  10:00:00,0.0,0.0 
 10/19  11:00:00,0.0,0.0 
 10/19  12:00:00,0.0,0.0 
 10/19  13:00:00,0.0,0.0 
 10/19  14:00:00,0.0,0.0 
 10/19  15:00:00,0.0,0.0 
 10/19  16:00:00,0.0,0.0 
 10/19  17:00:00,0.0,0.0 
 10/19  18:00:00,0.0,0.0 
 10/19  19:00:00,0.0,0.0 
 10/19  20:00:00,0.0,0.0 
 10/19  21:00:00,0.0,0.0 
 10/19  22:00:00,0.0,0.0 
 10/19  23:00:00,0.0,0.0 
 10/19  24:00:00,0.0,0.0 
 10/20  01:00:00,0.0,0.0 
 10/20  02:00:00,0.0,0.0 
 10/20  03:00:00,0.0,0.0 
 10/20  04:00:00,0.0,0.0 
 10/20  05:00:00,0.0,0.0 
 10/20  06:00:00,0.0,0.0 
 10/20  07:00:00,0.0,0.0 
 10/20  08:00:00,0.0,0.0 
 10/20  09:00:00,14526.391369821795,52507.487632013355 
 10/20  10:00:00,226090.60428894954,322489.9072768247 
 10/20  11:00:00,303870.8301572151,424320.8922383114 
 10/20  12:00:00,338343.7314453913,463206.9726222806 
 10/20  13:00:00,645.7371178432368,0.0 
 10/20  14:00:00,0.0,0.0 
 10/20  15:00:00,0.0,0.0 
 10/20  16:00:00,0.0,0.0 
 10/20  17:00:00,0.0,0.0 
 10/20  18:00:00,0.0,0.0 
 10/20  19:00:00,0.0,0.0 
 10/20  20:00:00,0.0,0.0 
 10/20  21:00:00,0.0,0.0 
 10/20  22:00:00,0.0,0.0 
 10/20  23:00:00,0.0,0.0 
 10/20  24:00:00,0.0,0.0 
 10/21  01:00:00,0.0,0.0 
 10/21  02:00:00,6612.356634497701,63739.169064095775 
 10/21  03:00:00,204953.87376123908,367172.54752024164 
 10/21  04:00:00,387745.2499452149,627712.8018673867 
 10/21  05:00:00,523271.5830021983,822294.438047985 
 10/21  06:00:00,687793.8916431696,1055690.9491277724 
 10/21  07:00:00,859099.1415958868,1302671.945667857 
 10/21  08:00:00,1025055.877864259,1520418.600328535 
 10/21  09:00:00,900736.7263390007,1292328.8132314985 
 10/21  10:00:00,237251.42629779875,313913.8704941644 
 10/21  11:00:00,0.0,0.0 
 10/21  12:00:00,0.0,0.0 
 10/21  13:00:00,0.0,0.0 
 10/21  14:00:00,0.0,0.0 
 10/21  15:00:00,0.0,0.0 
 10/21  16:00:00,0.0,0.0 
 10/21  17:00:00,0.0,0.0 
 10/21  18:00:00,0.0,0.0 
 10/21  19:00:00,0.0,0.0 
 10/21  20:00:00,0.0,0.0 
 10/21  21:00:00,52487.55368912244,139323.91107542574 
 10/21  22:00:00,306732.74841142993,519323.25264967873 
 10/21  23:00:00,550767.0323042803,851241.5923423418 
 10/21  24:00:00,809111.109580785,1190831.4528045391 
 10/22  01:00:00,997176.3458347247,1432441.1447796542 
 10/22  02:00:00,1149349.5082231034,1621498.211895955 
 10/22  03:00:00,1369668.1453574426,1909217.955853751 
 10/22  04:00:00,1628719.72627154,2258426.1034920863 
 10/22  05:00:00,1847251.5997487223,2562306.563699832 
 10/22  06:00:00,2034265.7218600544,2821896.7630065843 
 10/22  07:00:00,2240301.0488530407,3092486.0479203383 
 10/22  08:00:00,2447033.099513872,3339862.6290854802 
 10/22  09:00:00,2091399.6962432503,2797590.9433999276 
 10/22  10:00:00,960556.169240253,1131629.571392811 
 10/22  11:00:00,80875.30579481318,55021.462361888545 
 10/22  12:00:00,0.0,0.0 
 10/22  13:00:00,0.0,0.0 
 10/22  14:00:00,0.0,0.0 
 10/22  15:00:00,0.0,0.0 
 10/22  16:00:00,0.0,0.0 
 10/22  17:00:00,0.0,0.0 
 10/22  18:00:00,0.0,0.0 
 10/22  19:00:00,0.0,0.0 
 10/22  20:00:00,183732.27070958528,130890.79445319803 
 10/22  21:00:00,529660.4780964247,595531.0697031185 
 10/22  22:00:00,817456.7039815339,1001711.1965796468 
 10/22  23:00:00,1074143.561187356,1364398.650104723 
 10/22  24:00:00,1384756.2178941756,1798145.902607989 
 10/23  01:00:00,1595552.8261347134,2083585.2151580174 
 10/23  02:00:00,1682367.7711462916,2191295.7327270675 
 10/23  03:00:00,1772125.7681633062,2275222.9179634852 
 10/23  04:00:00,1831975.8731495487,2378425.9164735153 
 10/23  05:00:00,1766574.5656374437,2321463.2575936783 
 10/23  06:00:00,1642927.9039833758,2145886.5843842127 
 10/23  07:00:00,1603012.9465795022,2092368.2404418702 
 10/23  08:00:00,1565354.8733021524,2048544.1031991914 
 10/23  09:00:00,1568327.085079221,2042715.4714040742 
 10/23  10:00:00,1299798.2193145736,1622330.6768526367 
 10/23  11:00:00,591587.8722296883,594320.4170143203 
 10/23  12:00:00,64306.593465223705,27986.764295105244 
 10/23  13:00:00,0.0,0.0 
 10/23  14:00:00,0.0,0.0 
 10/23  15:00:00,0.0,0.0 
 10/23  16:00:00,0.0,0.0 
 10/23  17:00:00,0.0,0.0 
 10/23  18:00:00,0.0,0.0 
 10/23  19:00:00,0.0,0.0 
 10/23  20:00:00,0.0,0.0 
 10/23  21:00:00,0.0,0.0 
 10/23  22:00:00,0.0,0.0 
 10/23  23:00:00,0.0,0.0 
 10/23  24:00:00,0.0,0.0 
 10/24  01:00:00,0.0,0.0 
 10/24  02:00:00,0.0,0.0 
 10/24  03:00:00,35928.75530080419,38137.29331577706 
 10/24  04:00:00,144843.89252691838,176058.54653836432 
 10/24  05:00:00,241528.48872115646,300938.27290648257 
 10/24  06:00:00,334484.97306014324,420764.1628052399 
 10/24  07:00:00,417771.10700301564,527156.3788320214 
 10/24  08:00:00,526722.6701158201,661969.4899979564 
 10/24  09:00:00,645449.8841915833,806132.816120932 
 10/24  10:00:00,733301.3779389542,914916.6084061305 
 10/24  11:00:00,777541.7379995504,973397.6474864294 
 10/24  12:00:00,787697.4886870303,995652.6969756501 
 10/24  13:00:00,722521.1267930304,875053.5092920952 
 10/24  14:00:00,209190.69026117903,87877.35604297595 
 10/24  15:00:00,35827.848892864495,0.0 
 10/24  16:00:00,0.0,0.0 
 10/24  17:00:00,0.0,0.0 
 10/24  18:00:00,161588.19970532064,246117.36269941757 
 10/24  19:00:00,629937.2304870187,872956.4176553438 
 10/24  20:00:00,944438.2465653806,1260630.9215072484 
 10/24  21:00:00,1261266.543426688,1668109.5008872917 
 10/24  22:00:00,1501529.727136004,1996426.1941608654 
 10/24  23:00:00,1574076.559990013,2101054.4611732936 
 10/24  24:00:00,1537065.6107323514,2041627.4659881194 
 10/25  01:00:00,1530884.3499170777,2029556.3110050587 
 10/25  02:00:00,1539387.9099047657,2035310.6815570646 
 10/25  03:00:00,1532973.4215454892,2022496.2332381606 
 10/25  04:00:00,1474564.97225465,1952609.399327225 
 10/25  05:00:00,1364629.4116317972,1795987.6636285759 
 10/25  06:00:00,1285421.808099734,1682236.3467973948 
 10/25  07:00:00,1253969.1981456745,1649399.1026759474 
 10/25  08:00:00,1281019.9496813244,1701833.5004177643 
 10/25  09:00:00,1208684.5704327526,1600894.9108840548 
 10/25  10:00:00,769276.1987481762,984672.7337097824 
 10/25  11:00:00,228212.07780535842,246805.3885538611 
 10/25  12:00:00,45489.520893539884,33501.4740735518 
 10/25  13:00:00,395618.2554191604,529283.5632578584 
 10/25  14:00:00,164535.9306654791,233610.78120347013 
 10/25  15:00:00,0.0,0.0 
 10/25  16:00:00,0.0,0.0 
 10/25  17:00:00,0.0,0.0 
 10/25  18:00:00,124643.27676031317,180236.97049052356 
 10/25  19:00:00,508584.0073917425,649495.4842042732 
 10/25  20:00:00,658672.0235272252,827273.1826700119 
 10/25  21:00:00,745682.0660059967,935080.0963953682 
 10/25  22:00:00,774697.3982687137,984004.8295615874 
 10/25  23:00:00,764387.8857458368,988912.049342307 
 10/25  24:00:00,774015.5143781507,993475.0105610373 
 10/26  01:00:00,802482.2398006823,1019371.8358959531 
 10/26  02:00:00,837259.0593311796,1063862.6747331466 
 10/26  03:00:00,824486.0560371592,1056178.705737363 
 10/26  04:00:00,759566.4588935676,987387.4643965231 
 10/26  05:00:00,739052.4074484936,963709.0096507885 
 10/26  06:00:00,735563.4028879183,960701.9127764564 
 10/26  07:00:00,720389.7641537464,944326.577597452 
 10/26  08:00:00,684771.6805618963,902657.1769581222 
 10/26  09:00:00,650199.1630300537,854722.8855517679 
 10/26  10:00:00,580362.5338803481,745541.23960172 
 10/26  11:00:00,451028.8094293486,544042.5518069365 
 10/26  12:00:00,307898.59225182375,341595.20991891116 
 10/26  13:00:00,249598.38642531322,254413.08250675575 
 10/26  14:00:00,283740.84208749485,289977.40831434494 
 10/26  15:00:00,308574.882647561,318638.2189877186 
 10/26  16:00:00,357457.86040815513,387197.07393383945 
 10/26  17:00:00,367538.0509554809,417243.09861034644 
 10/26  18:00:00,541773.6585952976,700691.5921282424 
 10/26  19:00:00,785924.2527362476,1032269.5973901048 
 10/26  20:00:00,904020.3700505284,1185304.3613231406 
 10/26  21:00:00,952244.9552639084,1188961.8693342295 
 10/26  22:00:00,992808.4104286354,1238594.02290488 
 10/26  23:00:00,1021678.1601604184,1277090.4239209262 
 10/26  24:00:00,1050190.5244877723,1312828.7923622718 
 10/27  01:00:00,1136636.10481583,1485881.8700075683 
 10/27  02:00:00,1227027.5396499252,1655040.7680355045 
 10/27  03:00:00,1256183.8984289244,1683237.2000278397 
 10/27  04:00:00,1353503.6068876,1843927.3555539437 
 10/27  05:00:00,1493838.3918608925,2060793.167905544 
 10/27  06:00:00,1650461.5366634303,2274801.5037640687 
 10/27  07:00:00,1750696.2850347837,2415005.9878509417 
 10/27  08:00:00,1770809.1369901702,2444743.9886728935 
 10/27  09:00:00,1598605.7569859726,2146874.3410415994 
 10/27  10:00:00,911211.7728489495,1132972.8049385499 
 10/27  11:00:00,162898.191066397,159911.60901674957 
 10/27  12:00:00,0.0,0.0 
 10/27  13:00:00,0.0,0.0 
 10/27  14:00:00,0.0,0.0 
 10/27  15:00:00,0.0,0.0 
 10/27  16:00:00,0.0,0.0 
 10/27  17:00:00,0.0,0.0 
 10/27  18:00:00,0.0,0.0 
 10/27  19:00:00,71508.08452888086,53508.02246650201 
 10/27  20:00:00,446697.0443574937,524980.1400214522 
 10/27  21:00:00,730078.9488449061,950687.2886004312 
 10/27  22:00:00,955462.2155659483,1285349.674765642 
 10/27  23:00:00,1098115.527296382,1476519.5825447575 
 10/27  24:00:00,1148359.9437709288,1504921.97502485 
 10/28  01:00:00,1183865.9515774949,1538305.9568905323 
 10/28  02:00:00,1232956.25979025,1609494.6450111158 
 10/28  03:00:00,1295238.1863178022,1698026.4354583784 
 10/28  04:00:00,1387490.4079074725,1842191.7941279947 
 10/28  05:00:00,1484539.6174480407,1983735.403308738 
 10/28  06:00:00,1582053.7258171323,2104579.1744146585 
 10/28  07:00:00,1597144.4880951312,2092319.6966699325 
 10/28  08:00:00,1612993.5281786567,2104671.0025424017 
 10/28  09:00:00,1540952.3569615209,1982778.6247697645 
 10/28  10:00:00,1163955.8644887498,1423313.4040762188 
 10/28  11:00:00,788270.3162991902,923391.1732590118 
 10/28  12:00:00,289023.3353867472,280407.6133825147 
 10/28  13:00:00,0.0,0.0 
 10/28  14:00:00,0.0,0.0 
 10/28  15:00:00,0.0,0.0 
 10/28  16:00:00,0.0,0.0 
 10/28  17:00:00,0.0,0.0 
 10/28  18:00:00,0.0,0.0 
 10/28  19:00:00,0.0,0.0 
 10/28  20:00:00,0.0,0.0 
 10/28  21:00:00,36035.60665303157,141742.7628520345 
 10/28  22:00:00,97524.8183228825,215287.58763855806 
 10/28  23:00:00,124793.21834467555,248417.51494392302 
 10/28  24:00:00,150206.32322109523,274664.53777394566 
 10/29  01:00:00,173485.668116872,299709.6812172953 
 10/29  02:00:00,179080.53635302713,309359.7016378677 
 10/29  03:00:00,164028.58497179186,291420.7564430239 
 10/29  04:00:00,152772.67956933868,287407.2192389184 
 10/29  05:00:00,123544.58252422046,265471.3403001835 
 10/29  06:00:00,81413.8100081771,207467.0374776928 
 10/29  07:00:00,61836.585897592886,167471.60510188914 
 10/29  08:00:00,63824.19905396455,159859.1831091035 
 10/29  09:00:00,19673.20970383662,81434.02260520597 
 10/29  10:00:00,0.0,0.0 
 10/29  11:00:00,0.0,0.0 
 10/29  12:00:00,0.0,0.0 
 10/29  13:00:00,0.0,0.0 
 10/29  14:00:00,0.0,0.0 
 10/29  15:00:00,0.0,0.0 
 10/29  16:00:00,0.0,0.0 
 10/29  17:00:00,0.0,0.0 
 10/29  18:00:00,0.0,0.0 
 10/29  19:00:00,0.0,0.0 
 10/29  20:00:00,0.0,0.0 
 10/29  21:00:00,0.0,0.0 
 10/29  22:00:00,0.0,0.0 
 10/29  23:00:00,0.0,0.0 
 10/29  24:00:00,0.0,0.0 
 10/30  01:00:00,0.0,0.0 
 10/30  02:00:00,0.0,0.0 
 10/30  03:00:00,0.0,0.0 
 10/30  04:00:00,0.0,0.0 
 10/30  05:00:00,0.0,0.0 
 10/30  06:00:00,0.0,0.0 
 10/30  07:00:00,0.0,0.0 
 10/30  08:00:00,0.0,0.0 
 10/30  09:00:00,0.0,0.0 
 10/30  10:00:00,0.0,0.0 
 10/30  11:00:00,0.0,0.0 
 10/30  12:00:00,0.0,0.0 
 10/30  13:00:00,0.0,0.0 
 10/30  14:00:00,0.0,0.0 
 10/30  15:00:00,0.0,0.0 
 10/30  16:00:00,44239.186069145944,80877.31186847377 
 10/30  17:00:00,358782.4899796768,503442.9507762041 
 10/30  18:00:00,510154.75107148814,687261.7661263162 
 10/30  19:00:00,689587.9885389144,902680.6129241161 
 10/30  20:00:00,886199.2628593667,1136635.2292964933 
 10/30  21:00:00,1059104.3456168212,1352512.5606855117 
 10/30  22:00:00,1165719.0575273382,1526888.342727531 
 10/30  23:00:00,1286073.722213768,1680777.3966935566 
 10/30  24:00:00,1388300.3322934082,1814767.3021256698 
 10/31  01:00:00,1458630.1113834656,1910793.0606232556 
 10/31  02:00:00,1526598.2282801932,1997813.997853525 
 10/31  03:00:00,1608994.0241956878,2100023.0293005602 
 10/31  04:00:00,1652176.9078836332,2154667.068946013 
 10/31  05:00:00,1723789.992170648,2268918.561513055 
 10/31  06:00:00,1797149.2885227965,2374675.633705033 
 10/31  07:00:00,1831990.9669010276,2386536.156456396 
 10/31  08:00:00,1835013.88207507,2364284.263421833 
 10/31  09:00:00,1774576.880337181,2277787.3399805343 
 10/31  10:00:00,1495032.9713078297,1886821.6280916284 
 10/31  11:00:00,1055573.4156710794,1294119.8816431717 
 10/31  12:00:00,540991.5520222298,583134.4630083418 
 10/31  13:00:00,162767.02564294756,110466.23847388546 
 10/31  14:00:00,0.0,0.0 
 10/31  15:00:00,0.0,0.0 
 10/31  16:00:00,0.0,0.0 
 10/31  17:00:00,0.0,0.0 
 10/31  18:00:00,0.0,23585.25905609204 
 10/31  19:00:00,416745.2111483203,655825.99181041 
 10/31  20:00:00,872652.2436161663,1215373.256599198 
 10/31  21:00:00,1096403.150119412,1510204.155258908 
 10/31  22:00:00,1328726.0116162996,1820977.9269667247 
 10/31  23:00:00,1602390.294230773,2188824.5516206706 
 10/31  24:00:00,1811010.8120741418,2476690.463187252 
 11/01  01:00:00,1960376.9220384532,2671586.3374129995 
 11/01  02:00:00,2058387.2750782922,2799822.0530726346 
 11/01  03:00:00,2183999.885062677,2971313.4169619307 
 11/01  04:00:00,2333101.0866786884,3167591.800485105 
 11/01  05:00:00,2465690.4993284303,3337407.3298812006 
 11/01  06:00:00,2514350.9679155974,3372876.286590523 
 11/01  07:00:00,2442297.965271455,3226030.973182912 
 11/01  08:00:00,2336558.2377740876,3058413.8096222244 
 11/01  09:00:00,2120464.3851903104,2748781.5907232435 
 11/01  10:00:00,1574924.0849144983,1985269.835971125 
 11/01  11:00:00,911745.3360148087,1083227.1386510637 
 11/01  12:00:00,501253.3101074514,539387.0808170942 
 11/01  13:00:00,164284.99947172022,152182.1356379056 
 11/01  14:00:00,152137.4172222255,117732.10490132187 
 11/01  15:00:00,295700.70701341174,296567.8566316579 
 11/01  16:00:00,729162.0883590309,892569.6755603064 
 11/01  17:00:00,984293.3781715714,1239979.4761746628 
 11/01  18:00:00,897056.7008799205,1218694.647117659 
 11/01  19:00:00,1252575.1328251753,1671142.9522312663 
 11/01  20:00:00,1454727.579328148,1923897.2941926797 
 11/01  21:00:00,1551400.9951148946,2025861.1662933188 
 11/01  22:00:00,1562607.830264508,2013677.0101195618 
 11/01  23:00:00,1465118.88233546,1883301.2704185466 
 11/01  24:00:00,1320244.5197438707,1706800.230803495 
 11/02  01:00:00,1210625.9543336886,1568984.1075213177 
 11/02  02:00:00,1153820.5538505157,1495679.8436034413 
 11/02  03:00:00,1100710.3728460805,1427659.133582267 
 11/02  04:00:00,1006241.9860376024,1310487.3566773108 
 11/02  05:00:00,884158.8870765482,1159253.9375035937 
 11/02  06:00:00,771809.2995100649,1020044.1971147615 
 11/02  07:00:00,748836.9668935898,987602.2495565928 
 11/02  08:00:00,1016969.0767025932,1327468.0413235598 
 11/02  09:00:00,1171392.9576489022,1506833.168962504 
 11/02  10:00:00,1248038.419742911,1594537.8473755987 
 11/02  11:00:00,1309257.689482652,1666444.9262472559 
 11/02  12:00:00,1374764.7053294408,1748157.9069711326 
 11/02  13:00:00,1248159.056245794,1557889.0311727365 
 11/02  14:00:00,843459.0064805227,967175.3102566232 
 11/02  15:00:00,1116548.8859672418,1351071.6196776223 
 11/02  16:00:00,1346397.2601982802,1675198.900560209 
 11/02  17:00:00,1275847.2093640333,1605674.4255426908 
 11/02  18:00:00,1368756.2702605145,1759156.6350642012 
 11/02  19:00:00,1574528.894618599,2026957.7811384539 
 11/02  20:00:00,1692551.7840142997,2179867.3890087213 
 11/02  21:00:00,1809783.1935407445,2334041.8418756872 
 11/02  22:00:00,1980126.7849833881,2548135.3590314663 
 11/02  23:00:00,2117918.3039000425,2726458.193603981 
 11/02  24:00:00,2081661.6235076422,2673631.7686058544 
 11/03  01:00:00,2108424.2799669476,2661453.577147161 
 11/03  02:00:00,2200766.259078122,2772669.6819248386 
 11/03  03:00:00,2271141.570720976,2898262.2071711603 
 11/03  04:00:00,2340107.2884256276,3007310.846400326 
 11/03  05:00:00,2424175.191042021,3109629.4970963555 
 11/03  06:00:00,2592477.4828580697,3327162.368410161 
 11/03  07:00:00,2772964.011674188,3594490.468833696 
 11/03  08:00:00,2816442.1942811105,3634782.6408422017 
 11/03  09:00:00,2724356.1581597948,3450508.4273852464 
 11/03  10:00:00,2308889.0177197913,2829842.810778099 
 11/03  11:00:00,1770311.2514221028,2086930.7509215847 
 11/03  12:00:00,1494583.2619388143,1711866.2061392143 
 11/03  13:00:00,1341226.20048146,1501443.7530001039 
 11/03  14:00:00,1414489.8305906178,1607254.7160402494 
 11/03  15:00:00,1274768.5007455505,1422101.6803586883 
 11/03  16:00:00,1253262.3510845734,1443086.3414521818 
 11/03  17:00:00,1148549.3732107847,1428394.2335820773 
 11/03  18:00:00,1747366.9970975707,2230608.0846778825 
 11/03  19:00:00,2055172.906394143,2630552.7166368943 
 11/03  20:00:00,2180984.0008839383,2815323.9794518617 
 11/03  21:00:00,2287340.7405008557,2962159.7015889576 
 11/03  22:00:00,2369140.094239682,3081271.4767803405 
 11/03  23:00:00,2394650.0476760226,3125128.9429104705 
 11/03  24:00:00,2407741.857333337,3158011.912376588 
 11/04  01:00:00,2452304.9013337363,3218895.276703179 
 11/04  02:00:00,2501763.17787028,3270632.925541372 
 11/04  03:00:00,2534960.578306035,3305863.368074984 
 11/04  04:00:00,2535603.685379835,3316241.8693734827 
 11/04  05:00:00,2541869.946530644,3322741.926157519 
 11/04  06:00:00,2469675.8637031913,3192292.4061580976 
 11/04  07:00:00,2401547.544149763,3079397.46455702 
 11/04  08:00:00,2372347.3766618613,3033448.5687713316 
 11/04  09:00:00,2289083.407519309,2913999.9859109516 
 11/04  10:00:00,2130603.0719386404,2690082.5471993703 
 11/04  11:00:00,1958349.5606102245,2450201.915351984 
 11/04  12:00:00,1867428.876800005,2332490.602363225 
 11/04  13:00:00,1485414.1682370394,1815584.9380010888 
 11/04  14:00:00,1406118.1962598262,1733880.2163228784 
 11/04  15:00:00,1781051.672295416,2262234.664553002 
 11/04  16:00:00,1790719.3938820465,2268700.6686620153 
 11/04  17:00:00,1770822.9130643713,2242932.0068909926 
 11/04  18:00:00,1769662.914534875,2236044.165070675 
 11/04  19:00:00,1753584.9575608047,2212045.2624960886 
 11/04  20:00:00,1683860.9662128855,2124910.1056495192 
 11/04  21:00:00,1558713.1876851134,1983387.227913447 
 11/04  22:00:00,1507299.7722986073,1925460.7244408529 
 11/04  23:00:00,1500585.8466877635,1918970.989730523 
 11/04  24:00:00,1562104.8514601323,2004767.4193841459 
 11/05  01:00:00,1624790.3479259512,2091300.060684654 
 11/05  02:00:00,1591147.0150170573,2051793.4097025674 
 11/05  03:00:00,1564137.953953197,2024182.8998791636 
 11/05  04:00:00,1560465.1546355914,2024190.5375355112 
 11/05  05:00:00,1528192.2595900304,1989769.6665334208 
 11/05  06:00:00,1495486.6665621486,1959606.1331706834 
 11/05  07:00:00,1473734.4117174763,1939687.5259874365 
 11/05  08:00:00,1457133.6436459583,1911131.9234359781 
 11/05  09:00:00,1423170.8623420228,1848860.5269401418 
 11/05  10:00:00,1208095.3922944325,1524555.5426328706 
 11/05  11:00:00,936755.5268791199,1143185.497429883 
 11/05  12:00:00,705394.5001916625,831480.7709288726 
 11/05  13:00:00,445069.5416156828,488434.01930277253 
 11/05  14:00:00,731997.9419895725,899277.8618469446 
 11/05  15:00:00,344717.7341634437,450083.2704682223 
 11/05  16:00:00,397802.35294359666,505545.5830139865 
 11/05  17:00:00,162320.17984338236,238687.91189501208 
 11/05  18:00:00,759210.601064992,1189664.096926598 
 11/05  19:00:00,1185630.0487246227,1688243.1844019098 
 11/05  20:00:00,1396771.1258034266,1945650.893100093 
 11/05  21:00:00,1511633.3239219305,2079757.8179352814 
 11/05  22:00:00,1561582.082393086,2127447.169227287 
 11/05  23:00:00,1649532.8654526325,2230454.8892788696 
 11/05  24:00:00,1744980.559255944,2355547.821100863 
 11/06  01:00:00,1840877.551339482,2486602.390915715 
 11/06  02:00:00,1924660.4153226493,2583075.099162501 
 11/06  03:00:00,1998088.0299073234,2661429.069057894 
 11/06  04:00:00,2090358.7181513794,2770184.8723196276 
 11/06  05:00:00,2134371.704851202,2823038.1055345074 
 11/06  06:00:00,2117027.384880041,2798330.6926397877 
 11/06  07:00:00,2042846.4993166768,2686017.03548506 
 11/06  08:00:00,1957682.4611864393,2551191.3389836876 
 11/06  09:00:00,1888074.8837949806,2432606.026632441 
 11/06  10:00:00,1606857.3254497587,2006907.991042947 
 11/06  11:00:00,998259.8995059577,1183014.871701292 
 11/06  12:00:00,313374.87977464404,343774.7499302052 
 11/06  13:00:00,17395.21471363769,12161.502581930836 
 11/06  14:00:00,0.0,0.0 
 11/06  15:00:00,0.0,0.0 
 11/06  16:00:00,0.0,0.0 
 11/06  17:00:00,0.0,0.0 
 11/06  18:00:00,501653.65436971263,809841.0461254988 
 11/06  19:00:00,1043787.6016809673,1479593.6362620282 
 11/06  20:00:00,1342166.100044054,1862634.9803615063 
 11/06  21:00:00,1589412.9787349987,2183230.561464511 
 11/06  22:00:00,1755605.70075263,2400220.0410436555 
 11/06  23:00:00,1928669.2030785054,2632994.170556601 
 11/06  24:00:00,2055631.390231987,2769805.1588982996 
 11/07  01:00:00,2198691.8623586274,2948007.4084494878 
 11/07  02:00:00,2365051.358998808,3189953.0323543428 
 11/07  03:00:00,2487896.3034143383,3341626.014409996 
 11/07  04:00:00,2613708.9530587452,3475173.9794501485 
 11/07  05:00:00,2711958.6928012497,3589826.6978025753 
 11/07  06:00:00,2771996.905947011,3667463.234999173 
 11/07  07:00:00,2817490.711496768,3719595.7964354246 
 11/07  08:00:00,2817124.0069288947,3709722.630894593 
 11/07  09:00:00,2739700.3008794663,3566175.8515824242 
 11/07  10:00:00,2224151.558665338,2791323.5384664005 
 11/07  11:00:00,1477852.2727774524,1750375.9398646129 
 11/07  12:00:00,830871.0418660828,850346.2119132156 
 11/07  13:00:00,391632.3969832884,293208.88029202976 
 11/07  14:00:00,115767.07025038813,3631.9972561228496 
 11/07  15:00:00,8829.565145274682,0.0 
 11/07  16:00:00,0.0,0.0 
 11/07  17:00:00,92128.52022289264,121112.77508277999 
 11/07  18:00:00,835879.8817602233,1083890.4997819802 
 11/07  19:00:00,1461144.488817666,1856921.3091126024 
 11/07  20:00:00,1909288.9059274741,2435241.771128996 
 11/07  21:00:00,2248577.118784006,2905715.047901507 
 11/07  22:00:00,2506176.05971698,3249824.348629243 
 11/07  23:00:00,2740351.5319336597,3551870.073004611 
 11/07  24:00:00,2890078.4239223483,3759089.297666249 
 11/08  01:00:00,2948350.2597420723,3849245.2916434575 
 11/08  02:00:00,3083089.1657019034,4057309.4439376295 
 11/08  03:00:00,3259981.06597153,4311545.608300346 
 11/08  04:00:00,3408357.2586375885,4518471.115882834 
 11/08  05:00:00,3570453.309741867,4725563.7900538845 
 11/08  06:00:00,3691142.281663158,4874441.70685436 
 11/08  07:00:00,3708805.851987467,4901795.658412685 
 11/08  08:00:00,3740365.484890922,4936755.155023319 
 11/08  09:00:00,3639847.6417704816,4754522.358625176 
 11/08  10:00:00,2887504.9869962446,3632099.2223570086 
 11/08  11:00:00,1754697.832200196,2067661.5969400965 
 11/08  12:00:00,690513.5054292479,681737.5896450815 
 11/08  13:00:00,104826.87006117412,29977.642002380162 
 11/08  14:00:00,0.0,0.0 
 11/08  15:00:00,0.0,0.0 
 11/08  16:00:00,0.0,0.0 
 11/08  17:00:00,0.0,0.0 
 11/08  18:00:00,593637.0311235675,927963.6424160107 
 11/08  19:00:00,1338413.816718851,1808903.02355881 
 11/08  20:00:00,1633288.1291853343,2140093.3477156134 
 11/08  21:00:00,1738312.0635543084,2239350.796424023 
 11/08  22:00:00,1808001.5765388254,2317660.809291833 
 11/08  23:00:00,1881046.7926843632,2418927.1800138485 
 11/08  24:00:00,1894330.4297222944,2438878.134851954 
 11/09  01:00:00,1855491.8202354298,2380029.6950960616 
 11/09  02:00:00,1845949.6389062507,2361012.852756269 
 11/09  03:00:00,1814614.2615852873,2323950.306169462 
 11/09  04:00:00,1762950.1736112586,2262080.985857122 
 11/09  05:00:00,1713093.725818419,2202780.8187746294 
 11/09  06:00:00,1680161.6244843428,2161493.722631348 
 11/09  07:00:00,1668354.76191265,2144668.3134544054 
 11/09  08:00:00,1686277.0573242153,2162623.702253908 
 11/09  09:00:00,1753900.7215480763,2240933.8472632794 
 11/09  10:00:00,1922700.3107787906,2435738.302703293 
 11/09  11:00:00,1968131.6850276045,2481653.197640363 
 11/09  12:00:00,1980333.1593366726,2490259.6117724665 
 11/09  13:00:00,1983250.4638858824,2487178.252909207 
 11/09  14:00:00,1944389.8250518744,2436798.9927240424 
 11/09  15:00:00,1900625.9639688306,2381922.038412629 
 11/09  16:00:00,1619067.4702854408,2039052.7890113066 
 11/09  17:00:00,1098288.1103001265,1503210.2912798396 
 11/09  18:00:00,1616410.5606508413,2165860.8177082418 
 11/09  19:00:00,1909215.2133820718,2509716.7946463786 
 11/09  20:00:00,1974365.061964313,2565787.409586133 
 11/09  21:00:00,2003804.5229938268,2575292.4354958795 
 11/09  22:00:00,1988596.1024639166,2547328.980370259 
 11/09  23:00:00,1960114.608574172,2511443.355961794 
 11/09  24:00:00,1890451.9887032511,2424962.033205357 
 11/10  01:00:00,1849695.9360440606,2372597.162510274 
 11/10  02:00:00,1880646.721122969,2407274.8272281038 
 11/10  03:00:00,1930532.2070905666,2459655.9747766485 
 11/10  04:00:00,1966410.2909530476,2492273.3756782888 
 11/10  05:00:00,1985414.5995108818,2502237.6458863015 
 11/10  06:00:00,2030144.1060665827,2551633.0019731647 
 11/10  07:00:00,2088895.4459466892,2621248.969257443 
 11/10  08:00:00,2113321.3812520867,2687970.687411486 
 11/10  09:00:00,2144210.4396901065,2768162.557499086 
 11/10  10:00:00,1851767.1571654312,2342891.711723518 
 11/10  11:00:00,1223255.323059131,1451167.3878456585 
 11/10  12:00:00,561589.6778479932,558638.262926299 
 11/10  13:00:00,190972.44403442674,91017.10288588365 
 11/10  14:00:00,211695.53012186702,123863.85861225463 
 11/10  15:00:00,18932.414279925433,0.0 
 11/10  16:00:00,141471.5341276959,144261.3880770623 
 11/10  17:00:00,280783.7182642783,436825.9153022445 
 11/10  18:00:00,1102643.9209280012,1537996.6933393816 
 11/10  19:00:00,1561877.1722974698,2094719.337497255 
 11/10  20:00:00,1797854.5014102426,2378850.731535033 
 11/10  21:00:00,1901702.1422971105,2506024.466572789 
 11/10  22:00:00,1945350.1350999037,2560892.2114826804 
 11/10  23:00:00,2079963.6490158285,2723745.9476095326 
 11/10  24:00:00,2152381.615262018,2801696.9810608253 
 11/11  01:00:00,2199177.534496914,2856354.574632048 
 11/11  02:00:00,2218087.269627563,2892849.674754847 
 11/11  03:00:00,2294673.0132985846,2995063.128080574 
 11/11  04:00:00,2454303.428483799,3209688.029175698 
 11/11  05:00:00,2616370.9849923044,3418390.4518603496 
 11/11  06:00:00,2725900.4195890524,3565482.915799794 
 11/11  07:00:00,2842414.3652972337,3725143.671306773 
 11/11  08:00:00,2957347.147055969,3877638.7374025118 
 11/11  09:00:00,2974728.6460026796,3882816.5918997554 
 11/11  10:00:00,2521601.8801199333,3174174.230201332 
 11/11  11:00:00,1679449.2307388564,1977223.7442245374 
 11/11  12:00:00,855624.0009840338,842090.2472607042 
 11/11  13:00:00,398488.79528273316,244851.33370984116 
 11/11  14:00:00,377872.3713075103,213617.03065887923 
 11/11  15:00:00,109341.86544147598,0.0 
 11/11  16:00:00,45703.373172026484,0.0 
 11/11  17:00:00,17290.979901870014,0.0 
 11/11  18:00:00,1371410.4495243663,1703363.5974993762 
 11/11  19:00:00,1786639.625107037,2215892.05546135 
 11/11  20:00:00,2121406.039918178,2639051.0578608247 
 11/11  21:00:00,2342778.9316262496,2927631.1126163295 
 11/11  22:00:00,2462960.736020469,3093950.5561267063 
 11/11  23:00:00,2537899.1609506025,3205824.6636782773 
 11/11  24:00:00,2663937.610430312,3372484.6654472016 
 11/12  01:00:00,2675422.5883202683,3397903.5140309464 
 11/12  02:00:00,2551693.4243156305,3249379.6410754193 
 11/12  03:00:00,2551249.786109487,3226412.509538953 
 11/12  04:00:00,2632530.93396325,3302946.799468548 
 11/12  05:00:00,2664487.018202775,3344050.0868058363 
 11/12  06:00:00,2610483.18934639,3307866.447415929 
 11/12  07:00:00,2563113.686097165,3274334.872845382 
 11/12  08:00:00,2532759.3351880447,3261689.9654248273 
 11/12  09:00:00,2473179.6011824775,3193841.7993567362 
 11/12  10:00:00,2186776.560792378,2793297.1175604565 
 11/12  11:00:00,1675549.332006769,2083127.743234845 
 11/12  12:00:00,1235165.3137536133,1484047.6250087793 
 11/12  13:00:00,635596.3161160245,674011.4343605005 
 11/12  14:00:00,282089.7115694097,258842.15833559286 
 11/12  15:00:00,10389.75427823898,2711.5340473967085 
 11/12  16:00:00,0.0,0.0 
 11/12  17:00:00,0.0,0.0 
 11/12  18:00:00,620942.1637602231,838293.3594022712 
 11/12  19:00:00,819087.3149176806,1067678.4669632688 
 11/12  20:00:00,992024.0407781574,1279770.6179651236 
 11/12  21:00:00,1131479.4492210494,1438123.8633059147 
 11/12  22:00:00,1165924.9114364395,1493334.40380572 
 11/12  23:00:00,1185158.5219817362,1521204.2320774193 
 11/12  24:00:00,1262655.257670822,1620712.090710579 
 11/13  01:00:00,1331931.6029665293,1711176.1282398854 
 11/13  02:00:00,1406460.58253413,1789742.8184884326 
 11/13  03:00:00,1476396.2981181154,1856636.7597887542 
 11/13  04:00:00,1491922.8558385326,1875133.2776881028 
 11/13  05:00:00,1476844.210991676,1872827.2836443593 
 11/13  06:00:00,1457481.2629437547,1871440.9333946228 
 11/13  07:00:00,1458557.3728467245,1875549.5012479452 
 11/13  08:00:00,1465521.1944663352,1884327.4101427132 
 11/13  09:00:00,1443605.1176435985,1849160.405618729 
 11/13  10:00:00,1275431.689362258,1600713.1244707578 
 11/13  11:00:00,905404.7019064944,1073865.6416093423 
 11/13  12:00:00,667834.0567511863,742033.4958349298 
 11/13  13:00:00,724493.6399175073,847584.855933435 
 11/13  14:00:00,629000.0111797294,726231.6335320496 
 11/13  15:00:00,434526.40377717983,456176.0238466705 
 11/13  16:00:00,414253.55029753345,452754.62175606814 
 11/13  17:00:00,490609.15744065784,618223.5254711726 
 11/13  18:00:00,731238.4273252465,949868.1227098322 
 11/13  19:00:00,749030.982341322,974517.7231654008 
 11/13  20:00:00,720782.1468012306,945395.8980565106 
 11/13  21:00:00,675314.7905395454,893289.9170062863 
 11/13  22:00:00,633894.6401333174,846500.0937118792 
 11/13  23:00:00,590605.1792547202,794803.2421906145 
 11/13  24:00:00,541626.585582491,735168.4534742738 
 11/14  01:00:00,556203.6253455379,753258.4788757043 
 11/14  02:00:00,725327.4768975906,962492.7772708515 
 11/14  03:00:00,686529.5429722858,926567.1167881096 
 11/14  04:00:00,602492.0060995624,825081.9225363666 
 11/14  05:00:00,575736.6847252124,774635.2502381793 
 11/14  06:00:00,603696.47713604,810994.1274254133 
 11/14  07:00:00,665270.9601291681,890787.7290112332 
 11/14  08:00:00,746655.1654102798,997952.2418889414 
 11/14  09:00:00,895493.1148882353,1153774.2749416567 
 11/14  10:00:00,975141.2867419808,1242585.2502369818 
 11/14  11:00:00,958700.930331539,1206684.7339933875 
 11/14  12:00:00,643290.9663020874,732466.6642996105 
 11/14  13:00:00,360136.5713489715,338561.22388157673 
 11/14  14:00:00,243141.40513602254,237644.50371266066 
 11/14  15:00:00,349120.2297929326,447359.9431186449 
 11/14  16:00:00,392975.87754099444,523075.6704114931 
 11/14  17:00:00,457103.5773018019,596559.7238513809 
 11/14  18:00:00,613214.8020797606,778741.4179624284 
 11/14  19:00:00,805492.0556010606,1076908.1724796982 
 11/14  20:00:00,903895.9925014765,1225491.102443872 
 11/14  21:00:00,969394.5858682725,1293804.2759609846 
 11/14  22:00:00,1095188.7088787998,1515227.7709965073 
 11/14  23:00:00,1260019.5826194207,1771055.9442475564 
 11/14  24:00:00,1387002.4372900561,1916167.3929131492 
 11/15  01:00:00,1519465.2461875253,2068926.474343724 
 11/15  02:00:00,1692237.7735249822,2287825.756876207 
 11/15  03:00:00,1848610.4549266726,2484477.917655888 
 11/15  04:00:00,2000917.899838074,2675549.6404354465 
 11/15  05:00:00,2090521.732473595,2781767.0395962805 
 11/15  06:00:00,2106964.4388012076,2809854.265249321 
 11/15  07:00:00,2171380.9485165942,2892095.1643259823 
 11/15  08:00:00,2269425.605082066,3021969.915008592 
 11/15  09:00:00,2324690.548180949,3083742.231708827 
 11/15  10:00:00,1942264.7687450317,2500535.4252931355 
 11/15  11:00:00,1243206.0388491817,1509014.3533908678 
 11/15  12:00:00,743227.9217525198,814641.1600344487 
 11/15  13:00:00,262461.99768176087,193360.67087614862 
 11/15  14:00:00,10282.009801092863,0.0 
 11/15  15:00:00,0.0,0.0 
 11/15  16:00:00,0.0,0.0 
 11/15  17:00:00,0.0,0.0 
 11/15  18:00:00,854295.2162318004,1292185.5747467163 
 11/15  19:00:00,1287424.047703822,1808291.7968005815 
 11/15  20:00:00,1685337.0588059619,2299987.4527533683 
 11/15  21:00:00,1932605.9385124268,2536549.0798613993 
 11/15  22:00:00,2084351.0174158015,2699381.587562221 
 11/15  23:00:00,2163584.1194361905,2818405.5729201343 
 11/15  24:00:00,2444915.8261144925,3185799.5842180904 
 11/16  01:00:00,2652468.0602478576,3446360.9201199925 
 11/16  02:00:00,2616569.675699991,3381777.5769943646 
 11/16  03:00:00,2631643.165938574,3391116.899231307 
 11/16  04:00:00,2726191.9242432737,3528239.0522494 
 11/16  05:00:00,2907529.753345621,3764984.4704487957 
 11/16  06:00:00,2973126.947992268,3827837.7408646382 
 11/16  07:00:00,2910618.89408311,3742816.8371337038 
 11/16  08:00:00,2800856.404728612,3610638.435316287 
 11/16  09:00:00,2718011.171703509,3494957.978721223 
 11/16  10:00:00,2563526.349698779,3249169.9199892706 
 11/16  11:00:00,2355583.7084876504,2970742.0195372566 
 11/16  12:00:00,1941978.598626458,2396505.811779695 
 11/16  13:00:00,1260117.2190956473,1506618.9783741522 
 11/16  14:00:00,671835.0779284781,804002.7433246863 
 11/16  15:00:00,59728.670633828006,94190.98232148172 
 11/16  16:00:00,0.0,0.0 
 11/16  17:00:00,0.0,72876.81109998157 
 11/16  18:00:00,727986.6445685731,1091656.437165828 
 11/16  19:00:00,938539.3200273407,1322609.8877511912 
 11/16  20:00:00,1014606.8657118435,1406789.0882141902 
 11/16  21:00:00,1068630.5143420242,1481483.51757714 
 11/16  22:00:00,1074106.2810060824,1493634.3346956908 
 11/16  23:00:00,1059272.5377281313,1472979.7413655971 
 11/16  24:00:00,1111044.058318904,1532272.7882685317 
 11/17  01:00:00,1205443.1474483116,1649194.5465483959 
 11/17  02:00:00,1339807.7172563288,1815932.1133101447 
 11/17  03:00:00,1489366.543714738,1976898.2263982724 
 11/17  04:00:00,1649677.026207928,2173061.897928704 
 11/17  05:00:00,1838641.6107391315,2412003.992203585 
 11/17  06:00:00,2061624.8948858862,2719559.9709401242 
 11/17  07:00:00,2259875.6235266393,2982241.983904266 
 11/17  08:00:00,2409438.6580750877,3165000.305150212 
 11/17  09:00:00,2502804.4632285335,3267195.1805990445 
 11/17  10:00:00,2237547.629068553,2857016.5510369837 
 11/17  11:00:00,1537298.6532683857,1850398.3241289768 
 11/17  12:00:00,1049035.2997620227,1150605.005749112 
 11/17  13:00:00,736194.5657469892,726581.0396818598 
 11/17  14:00:00,518672.2924555928,464133.7691235771 
 11/17  15:00:00,514299.2531344192,471022.9259083441 
 11/17  16:00:00,403773.1803507813,456782.27690455096 
 11/17  17:00:00,508197.5729772458,764414.8850247868 
 11/17  18:00:00,1756266.2427502563,2323144.67308796 
 11/17  19:00:00,2130121.5212014713,2815469.2490703114 
 11/17  20:00:00,2239930.4673458356,2976222.9116866505 
 11/17  21:00:00,2321906.174276761,3094206.610083541 
 11/17  22:00:00,2585950.088817225,3434748.4221972846 
 11/17  23:00:00,2818222.8735800856,3732873.3244921225 
 11/17  24:00:00,2953296.8680701936,3878049.6734028235 
 11/18  01:00:00,3131086.94033913,4102989.781382909 
 11/18  02:00:00,3306136.3603362576,4345983.749767122 
 11/18  03:00:00,3342607.4039965337,4427242.667429884 
 11/18  04:00:00,3359417.38398545,4491355.871214265 
 11/18  05:00:00,3480158.3879637807,4593716.18186127 
 11/18  06:00:00,3596303.5906885876,4685757.475521192 
 11/18  07:00:00,3577147.3686759705,4639859.505060996 
 11/18  08:00:00,3501380.3110321653,4524905.855793657 
 11/18  09:00:00,3453737.893889087,4446682.658678169 
 11/18  10:00:00,3222914.6517020967,4103231.7433612198 
 11/18  11:00:00,2806941.8905856535,3524448.8721277295 
 11/18  12:00:00,2268773.1008425574,2748761.1710340944 
 11/18  13:00:00,1886223.3829085366,2212758.2352686957 
 11/18  14:00:00,1729279.4186879233,2016731.4638982546 
 11/18  15:00:00,1650689.89734859,1945340.895093873 
 11/18  16:00:00,1624205.4681182618,1964914.6779018708 
 11/18  17:00:00,1545023.8252159148,1939536.0716017955 
 11/18  18:00:00,1971329.4191449126,2532174.908867342 
 11/18  19:00:00,2156896.6759412815,2764445.3025867483 
 11/18  20:00:00,2212874.1857621195,2838971.7630232926 
 11/18  21:00:00,2225956.0493886485,2862008.593631218 
 11/18  22:00:00,2285551.8022230603,2936719.183170742 
 11/18  23:00:00,2360845.3231001934,3030672.61704422 
 11/18  24:00:00,2418106.2832519435,3136761.6548694083 
 11/19  01:00:00,2437329.168482903,3176274.7574146288 
 11/19  02:00:00,2521882.174491559,3312759.6001099753 
 11/19  03:00:00,2623898.482819691,3487673.5126999826 
 11/19  04:00:00,2649202.0058117276,3522786.9532688987 
 11/19  05:00:00,2676733.9741056743,3569792.9646136174 
 11/19  06:00:00,2701251.8848295,3611195.9736299063 
 11/19  07:00:00,2629132.623201059,3497985.3538310463 
 11/19  08:00:00,2504309.9046903932,3302544.014454419 
 11/19  09:00:00,2417181.330424929,3159908.737777389 
 11/19  10:00:00,2205180.5874193856,2863827.550186364 
 11/19  11:00:00,1729917.946488699,2198121.716343527 
 11/19  12:00:00,1166590.5118859257,1417412.4855046845 
 11/19  13:00:00,724539.322072149,811478.9175186525 
 11/19  14:00:00,508736.9882725041,541465.9853832286 
 11/19  15:00:00,484892.71122277284,548207.0900939143 
 11/19  16:00:00,382859.9946234513,418301.5287595845 
 11/19  17:00:00,340894.67947604205,420380.2662693314 
 11/19  18:00:00,849332.840700217,1145159.8340646278 
 11/19  19:00:00,1173146.0760501353,1591747.218855065 
 11/19  20:00:00,1531757.2161446917,2063455.9427217524 
 11/19  21:00:00,1745056.681575958,2338620.481733266 
 11/19  22:00:00,1925613.7629775372,2582832.136304969 
 11/19  23:00:00,2124611.3380204956,2847929.4185849754 
 11/19  24:00:00,2297444.194736909,3082885.5941965124 
 11/20  01:00:00,2441917.5616780007,3285141.355699125 
 11/20  02:00:00,2567446.2376692644,3463826.720597966 
 11/20  03:00:00,2712468.2351850793,3666886.395198656 
 11/20  04:00:00,2868813.8075229567,3874081.90680889 
 11/20  05:00:00,2945086.784554165,3971033.044091484 
 11/20  06:00:00,2955818.152173892,3988770.939309456 
 11/20  07:00:00,2962271.264225064,3966810.5355523103 
 11/20  08:00:00,2979655.524053346,3958310.1695661573 
 11/20  09:00:00,2904793.2741845255,3824021.75645369 
 11/20  10:00:00,2564656.316913968,3249101.4238442453 
 11/20  11:00:00,2010574.6712475952,2384584.340704687 
 11/20  12:00:00,1483604.4581519193,1623122.4087803306 
 11/20  13:00:00,1104935.4883752167,1118121.6097554397 
 11/20  14:00:00,895618.3545003494,858723.5301828254 
 11/20  15:00:00,851558.2391371026,835296.6550711164 
 11/20  16:00:00,551464.1100455506,545713.8290906136 
 11/20  17:00:00,528048.5297518077,674776.3458370195 
 11/20  18:00:00,1539781.424357363,1960493.6337641776 
 11/20  19:00:00,1740032.5825646573,2216168.1956959264 
 11/20  20:00:00,1833291.5776143996,2376350.217239289 
 11/20  21:00:00,1970860.2066457383,2616762.1669122344 
 11/20  22:00:00,2157615.990180892,2908335.317006987 
 11/20  23:00:00,2319185.762799423,3134990.579921197 
 11/20  24:00:00,2389769.8660015557,3209717.5655833827 
 11/21  01:00:00,2496999.901761435,3327699.1061699707 
 11/21  02:00:00,2660465.9993773475,3529842.548938605 
 11/21  03:00:00,2729464.963449164,3615739.22964113 
 11/21  04:00:00,2711987.5317458217,3582521.7016126877 
 11/21  05:00:00,2636432.087057317,3459552.4761145054 
 11/21  06:00:00,2570520.277495166,3359366.121719356 
 11/21  07:00:00,2556950.1688144524,3338354.3987909597 
 11/21  08:00:00,2571330.7743865624,3354098.211454096 
 11/21  09:00:00,2531729.170297636,3294945.9302676697 
 11/21  10:00:00,2408926.7791921245,3102837.5435073483 
 11/21  11:00:00,2252581.4570787065,2865932.103109908 
 11/21  12:00:00,2039880.4887235714,2558155.447166779 
 11/21  13:00:00,1784156.5405312292,2204801.063412807 
 11/21  14:00:00,1492011.7433524102,1824066.7384302332 
 11/21  15:00:00,1121438.5983021117,1375153.4722423565 
 11/21  16:00:00,746817.1772500587,1055665.011278195 
 11/21  17:00:00,916414.4951922134,1395491.5318436455 
 11/21  18:00:00,1933703.2774329297,2545377.3065873072 
 11/21  19:00:00,2115435.5774235944,2768296.512202951 
 11/21  20:00:00,2252080.7696216176,2937083.510589379 
 11/21  21:00:00,2339614.6051898696,3039688.7035012627 
 11/21  22:00:00,2387962.9739878234,3093686.634055734 
 11/21  23:00:00,2412437.5376790785,3118682.61792379 
 11/21  24:00:00,2403795.730908656,3108837.6652759355 
 11/22  01:00:00,2415279.4277298464,3127028.945060899 
 11/22  02:00:00,2453189.6078449106,3171866.668327677 
 11/22  03:00:00,2476053.1527847312,3196950.122023321 
 11/22  04:00:00,2496819.890795446,3218849.0281028557 
 11/22  05:00:00,2510379.9338790015,3230450.791216863 
 11/22  06:00:00,2521590.71993833,3243260.462075033 
 11/22  07:00:00,2544814.1503290515,3272759.2419867096 
 11/22  08:00:00,2571880.5219058045,3304523.116728857 
 11/22  09:00:00,2561724.9398064543,3286694.4538213247 
 11/22  10:00:00,2357981.076435091,3003152.0127261784 
 11/22  11:00:00,1901228.355645293,2398197.3918692265 
 11/22  12:00:00,1514464.023841195,1899263.1679131198 
 11/22  13:00:00,1325358.3921197955,1651714.3788027845 
 11/22  14:00:00,1149354.2595912456,1422350.7046544366 
 11/22  15:00:00,1231177.3087427383,1553586.498222344 
 11/22  16:00:00,988172.9919586848,1406537.9031344724 
 11/22  17:00:00,1303487.5797837945,1904714.352475867 
 11/22  18:00:00,2415244.9355365857,3123637.4855018836 
 11/22  19:00:00,2715879.5850555515,3504862.5537235723 
 11/22  20:00:00,2934776.42046581,3786933.9718219386 
 11/22  21:00:00,3074045.667209839,3960830.783976035 
 11/22  22:00:00,3199932.313905182,4115201.9895638507 
 11/22  23:00:00,3378382.489726968,4347317.202589418 
 11/22  24:00:00,3546791.999969757,4566883.348677412 
 11/23  01:00:00,3634096.095662334,4650746.256464347 
 11/23  02:00:00,3685255.930858566,4677409.24388681 
 11/23  03:00:00,3772349.665630828,4780549.33135854 
 11/23  04:00:00,3872954.545865714,4909945.645477625 
 11/23  05:00:00,3935198.9769508187,4993577.155736917 
 11/23  06:00:00,4017109.8775274297,5123621.910330834 
 11/23  07:00:00,4109083.6192872603,5269344.873482919 
 11/23  08:00:00,4146431.242846084,5320868.089202583 
 11/23  09:00:00,4164035.1469522063,5336642.271994377 
 11/23  10:00:00,3831278.691148092,4875827.796627225 
 11/23  11:00:00,2933511.6428784537,3680931.4689637683 
 11/23  12:00:00,2148875.563964499,2579945.4119847226 
 11/23  13:00:00,1532237.8608506785,1760644.1361610722 
 11/23  14:00:00,1186542.2448805708,1338737.1295193457 
 11/23  15:00:00,1013189.7634207468,1189979.2205297553 
 11/23  16:00:00,855716.0825994187,1170072.4942151166 
 11/23  17:00:00,1336188.521683751,1886196.783248636 
 11/23  18:00:00,2519475.663368188,3290219.964427378 
 11/23  19:00:00,2725711.0990027357,3532943.628138724 
 11/23  20:00:00,2780149.488135183,3587454.0536691453 
 11/23  21:00:00,2770679.7098605344,3565019.899407451 
 11/23  22:00:00,2814120.494675782,3627259.0026340466 
 11/23  23:00:00,2859340.452622044,3695717.083978158 
 11/23  24:00:00,2855530.2989472784,3671687.1524985344 
 11/24  01:00:00,2841007.960323366,3635261.413934172 
 11/24  02:00:00,2863527.617114296,3663657.0768617056 
 11/24  03:00:00,2878285.9652486295,3680825.0947075775 
 11/24  04:00:00,2895555.0002699476,3703849.687108904 
 11/24  05:00:00,2931039.638458168,3758359.6293817842 
 11/24  06:00:00,2929893.917882265,3768684.52455557 
 11/24  07:00:00,2908623.9139944953,3745839.4634265215 
 11/24  08:00:00,2892523.116711108,3719672.3554250244 
 11/24  09:00:00,2863266.360333445,3673936.2116139233 
 11/24  10:00:00,2747918.9879388614,3488952.5260177534 
 11/24  11:00:00,2536189.0094357156,3183349.8557059094 
 11/24  12:00:00,2285782.573399497,2840624.833678225 
 11/24  13:00:00,2118082.455010771,2638303.6650308226 
 11/24  14:00:00,1992089.9997014743,2489323.395003613 
 11/24  15:00:00,1934171.0498232914,2430109.054261458 
 11/24  16:00:00,1886346.0757912202,2375222.378285978 
 11/24  17:00:00,1876165.557216544,2377232.803129065 
 11/24  18:00:00,2012515.0577867131,2573254.1388001502 
 11/24  19:00:00,2103750.618096252,2695075.5451158686 
 11/24  20:00:00,2217683.241936043,2826025.6659740414 
 11/24  21:00:00,2374289.26028728,3017908.1924465224 
 11/24  22:00:00,2562105.2973680724,3262737.776889136 
 11/24  23:00:00,2779988.646032746,3540989.8573634955 
 11/24  24:00:00,2987471.0841160123,3803454.6705430755 
 11/25  01:00:00,3136546.843585184,3987608.5733569814 
 11/25  02:00:00,3276148.3159102327,4159312.9125990793 
 11/25  03:00:00,3403610.433187267,4322496.190632389 
 11/25  04:00:00,3512917.099100873,4462481.138033574 
 11/25  05:00:00,3579208.016756327,4544952.258163697 
 11/25  06:00:00,3595169.4605814824,4570740.962944781 
 11/25  07:00:00,3629570.308443873,4621225.284139753 
 11/25  08:00:00,3728532.933415742,4749780.103152764 
 11/25  09:00:00,3816295.139533991,4860926.3438862525 
 11/25  10:00:00,3583740.87979883,4523357.0409269035 
 11/25  11:00:00,2995611.2291880907,3710244.767828865 
 11/25  12:00:00,2825527.4628574345,3449063.084285988 
 11/25  13:00:00,2582222.7894863966,3118807.701318747 
 11/25  14:00:00,2285667.656948318,2757300.402984792 
 11/25  15:00:00,2098948.007845516,2556041.778299689 
 11/25  16:00:00,1734850.0034233294,2265563.127652228 
 11/25  17:00:00,1921856.0779096182,2657658.735645623 
 11/25  18:00:00,3029633.6263281316,3913579.833716669 
 11/25  19:00:00,3214007.5485318378,4168078.9711844446 
 11/25  20:00:00,3338039.1760905376,4339140.931099592 
 11/25  21:00:00,3473985.7773209466,4517710.317356869 
 11/25  22:00:00,3662401.7240413125,4761649.298870902 
 11/25  23:00:00,3797924.2101497333,4945442.521335388 
 11/25  24:00:00,3854787.2407308463,5009401.245775809 
 11/26  01:00:00,3893781.47773992,5051843.794259353 
 11/26  02:00:00,3968512.414208024,5155878.606287286 
 11/26  03:00:00,4024226.71617176,5233733.650162785 
 11/26  04:00:00,4045129.4067191356,5252862.017068037 
 11/26  05:00:00,4105600.809547456,5326528.417253658 
 11/26  06:00:00,4201050.608530469,5447154.326807573 
 11/26  07:00:00,4302295.330548029,5569791.309288445 
 11/26  08:00:00,4414680.172090534,5704903.464535998 
 11/26  09:00:00,4479641.298486723,5763318.040120538 
 11/26  10:00:00,4214391.6735353805,5348459.539556122 
 11/26  11:00:00,3392972.9702879684,4214033.903446702 
 11/26  12:00:00,2676294.9972726586,3239457.8687202064 
 11/26  13:00:00,2035907.2190184596,2389887.311406955 
 11/26  14:00:00,1558945.2174771817,1795813.567128141 
 11/26  15:00:00,1274335.457573634,1469005.0968088778 
 11/26  16:00:00,1130069.6490053039,1460154.16022133 
 11/26  17:00:00,1556719.1906834948,2150510.6601869334 
 11/26  18:00:00,2925924.5717541873,3815510.0415416644 
 11/26  19:00:00,3369890.991119614,4398461.661294573 
 11/26  20:00:00,3688018.6955007287,4785783.808979182 
 11/26  21:00:00,3967615.6152460002,5117285.711903412 
 11/26  22:00:00,4124993.516562449,5277477.279371962 
 11/26  23:00:00,4093215.6284564864,5222645.736391018 
 11/26  24:00:00,4147335.710257599,5293834.160221452 
 11/27  01:00:00,4252526.913756823,5426489.438457554 
 11/27  02:00:00,4296836.689056551,5492281.311208147 
 11/27  03:00:00,4360976.588777694,5576247.263434546 
 11/27  04:00:00,4411201.842484179,5632746.186951861 
 11/27  05:00:00,4395610.259298918,5604707.332168624 
 11/27  06:00:00,4393834.776716973,5596171.069633089 
 11/27  07:00:00,4369806.804156318,5567385.316277595 
 11/27  08:00:00,4283193.014085268,5465638.283108557 
 11/27  09:00:00,4194328.400726178,5352929.932409239 
 11/27  10:00:00,3977027.730303374,5035809.421028023 
 11/27  11:00:00,3647892.6942382306,4548181.466108888 
 11/27  12:00:00,3273792.4119784595,3996582.7035019025 
 11/27  13:00:00,3029333.482587695,3675492.2140801586 
 11/27  14:00:00,2870247.9912163937,3492373.277989444 
 11/27  15:00:00,2734193.2128267447,3331039.8731182474 
 11/27  16:00:00,2808826.2643481987,3486596.7760403855 
 11/27  17:00:00,2825864.0651482497,3557651.714504404 
 11/27  18:00:00,2933389.830932567,3714688.967604993 
 11/27  19:00:00,3044611.5263859504,3816361.2605220242 
 11/27  20:00:00,3124844.1516075735,3900148.483513845 
 11/27  21:00:00,3167568.893064467,3950506.0621089377 
 11/27  22:00:00,3126802.589515228,3933724.8881577114 
 11/27  23:00:00,3098998.1942315367,3909896.8478763257 
 11/27  24:00:00,3099927.6715459535,3887200.332688318 
 11/28  01:00:00,3066012.227103404,3859623.278494628 
 11/28  02:00:00,3037300.61401257,3854957.262891797 
 11/28  03:00:00,3037048.065535536,3865440.2185701556 
 11/28  04:00:00,2986196.656323485,3823569.400400999 
 11/28  05:00:00,2878568.0343256122,3685956.398392765 
 11/28  06:00:00,2799453.598854646,3578210.5839599175 
 11/28  07:00:00,2738648.5791955777,3500032.780068639 
 11/28  08:00:00,2739916.3209931143,3510594.0374525664 
 11/28  09:00:00,2796613.1329785846,3580449.763740951 
 11/28  10:00:00,2769260.208263859,3500584.5372089855 
 11/28  11:00:00,2593544.4504301944,3233469.104642271 
 11/28  12:00:00,2372984.4314189847,2921154.0641858038 
 11/28  13:00:00,2218658.048418864,2705248.3573772125 
 11/28  14:00:00,2031420.0895889401,2470232.190016996 
 11/28  15:00:00,2087046.398710357,2559974.1094922926 
 11/28  16:00:00,1856684.3272520797,2356402.9808143172 
 11/28  17:00:00,2025711.5063991335,2696762.520497076 
 11/28  18:00:00,2914336.371126249,3759928.5424963236 
 11/28  19:00:00,3096669.1315135155,4005782.339193053 
 11/28  20:00:00,3273503.364408025,4239400.4459041115 
 11/28  21:00:00,3417356.62751228,4431308.182187586 
 11/28  22:00:00,3503937.865943606,4545303.686013989 
 11/28  23:00:00,3607769.8354392615,4687076.109188572 
 11/28  24:00:00,3699838.484174858,4811104.961190918 
 11/29  01:00:00,3812534.458473258,4947703.404746044 
 11/29  02:00:00,3941286.0207242193,5111646.442834167 
 11/29  03:00:00,4061475.3800298953,5261027.549934669 
 11/29  04:00:00,4180845.419560287,5416462.342858721 
 11/29  05:00:00,4316811.436429819,5611745.27075788 
 11/29  06:00:00,4433309.1311923275,5805629.355784498 
 11/29  07:00:00,4522129.131907954,5950313.658849317 
 11/29  08:00:00,4603977.107418029,6071233.172147229 
 11/29  09:00:00,4586193.249500368,6014847.186465098 
 11/29  10:00:00,4241298.8441347685,5425444.820345078 
 11/29  11:00:00,3375184.8508042805,4123041.5625860095 
 11/29  12:00:00,2527722.9326498755,2899445.7066303706 
 11/29  13:00:00,1730134.8041713769,1821238.8105111867 
 11/29  14:00:00,1172282.9470155826,1122610.7696957728 
 11/29  15:00:00,979128.7769309188,935722.8935551232 
 11/29  16:00:00,866393.6126546406,974668.7331698814 
 11/29  17:00:00,1416086.737259951,1825147.9629992128 
 11/29  18:00:00,2821723.434529942,3589077.3818864115 
 11/29  19:00:00,3133221.769818467,3971329.5305515947 
 11/29  20:00:00,3267336.0305302166,4151510.616385877 
 11/29  21:00:00,3331066.3083184236,4243283.447832041 
 11/29  22:00:00,3331444.996226679,4242802.3631344475 
 11/29  23:00:00,3228555.8665950606,4105050.864397418 
 11/29  24:00:00,3099171.1915655923,3938617.794368311 
 11/30  01:00:00,3069512.181396503,3901028.336065643 
 11/30  02:00:00,3161521.1782958377,3990769.3004660886 
 11/30  03:00:00,3232637.1422716607,4044658.329940697 
 11/30  04:00:00,3252058.542128969,4063316.2924859347 
 11/30  05:00:00,3241659.7129704817,4087114.3041570233 
 11/30  06:00:00,3224295.8716554483,4087537.9641570365 
 11/30  07:00:00,3196870.575448379,3994637.7164668674 
 11/30  08:00:00,3112023.0318565546,3893418.085890093 
 11/30  09:00:00,2940004.1458905134,3677079.9258586923 
 11/30  10:00:00,2712989.9926952207,3398442.8034075424 
 11/30  11:00:00,2468064.306112547,3104826.5895051104 
 11/30  12:00:00,2186523.2376848725,2748518.1958034774 
 11/30  13:00:00,2014334.64899541,2513595.2148616435 
 11/30  14:00:00,1899355.501294964,2363621.533586321 
 11/30  15:00:00,1791405.1406566927,2225064.3205748964 
 11/30  16:00:00,1768210.4113796344,2208382.424257476 
 11/30  17:00:00,1782801.0226848982,2255676.1684417324 
 11/30  18:00:00,1861929.121123598,2380703.0540408166 
 11/30  19:00:00,1890960.30730061,2421522.525254036 
 11/30  20:00:00,1950456.120751698,2502935.6675866763 
 11/30  21:00:00,2012083.8632759987,2586435.1179755423 
 11/30  22:00:00,2064737.7779771802,2660622.361864809 
 11/30  23:00:00,2077506.7978667046,2614386.8277471303 
 11/30  24:00:00,2093677.745855957,2615863.7183884266 
 12/01  01:00:00,2112743.9702340118,2635559.9754124857 
 12/01  02:00:00,2143409.171259001,2669281.445691736 
 12/01  03:00:00,2214214.7684946987,2754011.6279452373 
 12/01  04:00:00,2293047.834915959,2849274.1011322467 
 12/01  05:00:00,2353892.075633068,2923578.5778004653 
 12/01  06:00:00,2410026.3317031134,2993485.642514195 
 12/01  07:00:00,2470503.758916616,3066645.283333482 
 12/01  08:00:00,2525994.4275293294,3133482.3460297165 
 12/01  09:00:00,2564551.442647318,3181072.5032719187 
 12/01  10:00:00,2571664.391603614,3236051.614400279 
 12/01  11:00:00,2506264.6158465426,3155217.271386834 
 12/01  12:00:00,2460096.86007352,3058501.75654377 
 12/01  13:00:00,2606832.776946155,3244963.8480212013 
 12/01  14:00:00,2655247.6042677443,3307838.8333443804 
 12/01  15:00:00,2741912.4008983974,3416266.3029866694 
 12/01  16:00:00,2849571.5807484584,3547892.5979805915 
 12/01  17:00:00,2933976.523084214,3649172.1136940806 
 12/01  18:00:00,3011256.324305317,3741378.6605580533 
 12/01  19:00:00,3100227.2933149366,3848272.2729821764 
 12/01  20:00:00,3193444.611418625,3961354.255668684 
 12/01  21:00:00,3255976.2662703875,4064711.257676217 
 12/01  22:00:00,3287760.849392905,4136248.429261769 
 12/01  23:00:00,3296006.9390484905,4150584.0571650537 
 12/01  24:00:00,3295061.0435346337,4150836.116878053 
 12/02  01:00:00,3290832.109035552,4146954.405428038 
 12/02  02:00:00,3309421.993277769,4169464.1007616036 
 12/02  03:00:00,3368029.8534533186,4241130.819203112 
 12/02  04:00:00,3437448.8596638404,4325469.042493967 
 12/02  05:00:00,3522267.6740944088,4437290.997730155 
 12/02  06:00:00,3608444.094147711,4552243.789494692 
 12/02  07:00:00,3684673.0679582395,4647800.0637813555 
 12/02  08:00:00,3748484.3388738595,4720550.814505512 
 12/02  09:00:00,3821373.374113927,4803786.234027278 
 12/02  10:00:00,3878154.649813013,4859503.786277465 
 12/02  11:00:00,3862477.3281087414,4804374.049992535 
 12/02  12:00:00,3824670.88005718,4736608.129992106 
 12/02  13:00:00,3712713.216751539,4560576.56331688 
 12/02  14:00:00,3544819.5300380634,4308023.583408655 
 12/02  15:00:00,3618971.0296462188,4421615.441351405 
 12/02  16:00:00,3525319.3588568913,4371350.441161625 
 12/02  17:00:00,3579952.0943546714,4549351.629533572 
 12/02  18:00:00,4137073.2176772873,5193618.602762939 
 12/02  19:00:00,4226888.795171129,5320342.86523833 
 12/02  20:00:00,4313520.819102244,5440054.380955937 
 12/02  21:00:00,4359793.145205552,5493369.934308284 
 12/02  22:00:00,4419668.012715993,5572370.970986457 
 12/02  23:00:00,4507275.828354521,5702149.527434827 
 12/02  24:00:00,4601770.597727131,5839266.148449756 
 12/03  01:00:00,4651106.392425299,5917139.223150538 
 12/03  02:00:00,4666791.372203681,5950559.669974184 
 12/03  03:00:00,4797564.221131641,6136656.7525545005 
 12/03  04:00:00,5012837.587341899,6432547.869199395 
 12/03  05:00:00,5194312.385699987,6674980.92482977 
 12/03  06:00:00,5325320.381418696,6848524.270671118 
 12/03  07:00:00,5461592.34718559,7025351.113433582 
 12/03  08:00:00,5643993.7581645595,7260342.414832987 
 12/03  09:00:00,5756041.527571887,7391882.900621295 
 12/03  10:00:00,5276662.545947264,6714655.466028936 
 12/03  11:00:00,3930033.8030966204,4815556.273262725 
 12/03  12:00:00,2889794.245531343,3325126.865169496 
 12/03  13:00:00,2252003.9958278667,2427959.805408101 
 12/03  14:00:00,1897965.113613634,1959186.5915457362 
 12/03  15:00:00,1787536.923811772,1903652.3863686274 
 12/03  16:00:00,1681223.7561838552,1997895.7469809554 
 12/03  17:00:00,2282562.5455028675,2988949.301347496 
 12/03  18:00:00,3654428.3663979284,4869152.161938963 
 12/03  19:00:00,3879087.4513895605,5052319.117676376 
 12/03  20:00:00,4351376.9161324315,5617472.795399565 
 12/03  21:00:00,4756243.552924949,6162075.691837876 
 12/03  22:00:00,4764366.673932839,6105915.377311335 
 12/03  23:00:00,4717898.128551652,5998961.89337763 
 12/03  24:00:00,4669287.605246762,5932650.733522399 
 12/04  01:00:00,4564131.330853865,5791270.744929701 
 12/04  02:00:00,4472418.033001124,5676583.82180277 
 12/04  03:00:00,4344401.647784291,5511588.45685995 
 12/04  04:00:00,4080736.6123587424,5174620.673114214 
 12/04  05:00:00,3786097.5129741966,4803601.958513182 
 12/04  06:00:00,3544708.8042270513,4499127.295619886 
 12/04  07:00:00,3365408.34846315,4271603.098567986 
 12/04  08:00:00,3209326.9543624846,4076380.7638682597 
 12/04  09:00:00,3089111.3071747646,3925139.219521585 
 12/04  10:00:00,2931151.3722958346,3717152.4043484027 
 12/04  11:00:00,2678319.632505777,3370448.6013015574 
 12/04  12:00:00,2329872.600894781,2889616.9150327514 
 12/04  13:00:00,2276504.2981626964,2814049.1353625446 
 12/04  14:00:00,2269539.1835098774,2791044.682175455 
 12/04  15:00:00,2105129.538606342,2562493.051806896 
 12/04  16:00:00,1887903.183685211,2389686.446019893 
 12/04  17:00:00,1767308.8358852258,2370076.9729536055 
 12/04  18:00:00,2309245.0462031295,2958477.4762054076 
 12/04  19:00:00,2314373.1842136113,2949156.683182284 
 12/04  20:00:00,2284087.8353548013,2900216.4935451914 
 12/04  21:00:00,2272945.546027923,2892660.834745328 
 12/04  22:00:00,2308867.239421069,2952886.5874825725 
 12/04  23:00:00,2366481.9037010884,3043494.1060604304 
 12/04  24:00:00,2445600.862085213,3156333.6452196874 
 12/05  01:00:00,2462794.186259395,3157679.599786267 
 12/05  02:00:00,2500458.613084933,3197513.617076992 
 12/05  03:00:00,2566576.1397588104,3294882.881158813 
 12/05  04:00:00,2607211.3865031055,3359082.031792649 
 12/05  05:00:00,2688318.8749105176,3479031.5026615714 
 12/05  06:00:00,2811800.3138082866,3653131.78457254 
 12/05  07:00:00,2937847.4416284296,3822523.4730539173 
 12/05  08:00:00,3109116.232890443,4040978.0608777497 
 12/05  09:00:00,3276796.8620039583,4261493.721347398 
 12/05  10:00:00,3118937.9120830665,4028070.7740399935 
 12/05  11:00:00,2255012.664554744,2823111.597732635 
 12/05  12:00:00,1396122.6891390993,1611047.796595754 
 12/05  13:00:00,1075365.862379017,1176943.1404581752 
 12/05  14:00:00,1017505.400328822,1099848.5497616022 
 12/05  15:00:00,1048810.5718139908,1156071.7146189199 
 12/05  16:00:00,954859.8472064513,1142596.3674999154 
 12/05  17:00:00,1014696.2270132238,1441258.3639689037 
 12/05  18:00:00,2283802.6823741905,3066531.5227825833 
 12/05  19:00:00,2769527.9053775077,3666613.0728197815 
 12/05  20:00:00,3097342.4598279996,4085547.7523118667 
 12/05  21:00:00,3263683.6823472274,4309359.73178358 
 12/05  22:00:00,3460655.7464033947,4560786.471822444 
 12/05  23:00:00,3612180.2616936513,4745477.271946324 
 12/05  24:00:00,3637266.794275054,4754046.316045278 
 12/06  01:00:00,3641121.7212216156,4726947.831790049 
 12/06  02:00:00,3653438.526046483,4748653.070746431 
 12/06  03:00:00,3700693.492852981,4812469.7585244905 
 12/06  04:00:00,3838076.7327455287,4987345.738906597 
 12/06  05:00:00,4015015.7643721723,5226504.698041585 
 12/06  06:00:00,4070246.1919968883,5325187.844517935 
 12/06  07:00:00,4045189.5430224002,5304129.607175457 
 12/06  08:00:00,4004078.0281122834,5228208.732634752 
 12/06  09:00:00,3948883.2050800407,5106838.899308799 
 12/06  10:00:00,3796355.4528934555,4843691.057281928 
 12/06  11:00:00,3458307.515523402,4323633.261242083 
 12/06  12:00:00,2984986.690691423,3646941.386167922 
 12/06  13:00:00,2666966.8250819063,3247510.4215122703 
 12/06  14:00:00,2498296.3495370606,3049487.0715195383 
 12/06  15:00:00,2366753.1154581164,2871569.5970545085 
 12/06  16:00:00,2156649.074755534,2690909.3583893576 
 12/06  17:00:00,2093597.7003965382,2771711.8161092866 
 12/06  18:00:00,2916608.169119025,3804076.5338439746 
 12/06  19:00:00,3044976.8091117702,3990829.0862101037 
 12/06  20:00:00,3145581.407403156,4115925.23622048 
 12/06  21:00:00,3290123.096775368,4299823.501771697 
 12/06  22:00:00,3428365.042167591,4473353.859339893 
 12/06  23:00:00,3656740.774456752,4755144.27633522 
 12/06  24:00:00,3767964.425814576,4907072.855243444 
 12/07  01:00:00,3856320.944999681,5019975.850229203 
 12/07  02:00:00,3974193.9812415885,5150010.366017494 
 12/07  03:00:00,4035219.6717779054,5221646.300019822 
 12/07  04:00:00,4127160.776480015,5377255.78736661 
 12/07  05:00:00,4171704.8927317304,5398698.871392596 
 12/07  06:00:00,4129786.2260305565,5293969.587403187 
 12/07  07:00:00,4074945.0852416325,5229305.515216564 
 12/07  08:00:00,4111561.7569531007,5273755.910199848 
 12/07  09:00:00,4158861.0357164624,5313174.091626183 
 12/07  10:00:00,4009304.095263943,5050933.66594691 
 12/07  11:00:00,3559257.574618479,4345356.109256335 
 12/07  12:00:00,3013668.1161216307,3572983.251288974 
 12/07  13:00:00,2644813.919983378,3093252.084937487 
 12/07  14:00:00,2465154.414777099,2845742.3066701572 
 12/07  15:00:00,2274827.803203267,2643141.9060650575 
 12/07  16:00:00,2073404.4658392007,2529196.6804281315 
 12/07  17:00:00,2324236.5373411523,2995059.876477829 
 12/07  18:00:00,3000047.289297475,3809984.3964960314 
 12/07  19:00:00,2998283.5846459595,3811780.8619814613 
 12/07  20:00:00,2936460.9190204707,3734641.195445271 
 12/07  21:00:00,2845713.244803237,3620928.833214187 
 12/07  22:00:00,2761957.0401294874,3514875.323170917 
 12/07  23:00:00,2643969.7932819016,3367421.6797746737 
 12/07  24:00:00,2472923.262350352,3158719.415443469 
 12/08  01:00:00,2388593.637335427,3051978.3721313905 
 12/08  02:00:00,2507110.2109355307,3183083.5061150203 
 12/08  03:00:00,2667135.0543285618,3353943.8633248983 
 12/08  04:00:00,2677178.171185016,3351225.577623471 
 12/08  05:00:00,2689318.2355392454,3356643.1676537134 
 12/08  06:00:00,2715674.603699907,3381159.1076844838 
 12/08  07:00:00,2745461.7880777167,3413993.5798703013 
 12/08  08:00:00,2761989.5798057527,3480100.211498167 
 12/08  09:00:00,2765600.622775604,3471285.2227501264 
 12/08  10:00:00,2757045.0598188997,3430281.7853120584 
 12/08  11:00:00,2710526.9514293303,3373995.3167852387 
 12/08  12:00:00,2555336.922829479,3180728.445727855 
 12/08  13:00:00,2456647.3175878534,3033822.129785478 
 12/08  14:00:00,2332186.544714841,2850315.5972351274 
 12/08  15:00:00,2328121.406753833,2876278.9754548054 
 12/08  16:00:00,2317367.2532159057,2872451.011167949 
 12/08  17:00:00,2290575.4613338914,2883887.7472811053 
 12/08  18:00:00,2521097.772187864,3228622.812057687 
 12/08  19:00:00,2574172.9173743553,3302680.5419460796 
 12/08  20:00:00,2635720.5770801324,3430986.5770492144 
 12/08  21:00:00,2719975.295613242,3584579.6322209067 
 12/08  22:00:00,2760478.7669622,3636710.2586403666 
 12/08  23:00:00,2768402.952653129,3623816.5828373176 
 12/08  24:00:00,2763599.3208823954,3581687.512319235 
 12/09  01:00:00,2800445.6141835228,3616870.959075977 
 12/09  02:00:00,2816653.9912830014,3654246.135829643 
 12/09  03:00:00,2845567.1538711856,3743126.722204077 
 12/09  04:00:00,2877164.9635296706,3765124.85953002 
 12/09  05:00:00,2939398.524621765,3851895.537759894 
 12/09  06:00:00,3097066.2072707694,4070408.5295840073 
 12/09  07:00:00,3261882.743673385,4286788.660897152 
 12/09  08:00:00,3323549.6880643917,4329828.060602276 
 12/09  09:00:00,3281883.896145075,4212740.544532726 
 12/09  10:00:00,3146787.611449844,3991200.526832209 
 12/09  11:00:00,2858830.053054132,3582035.7241266132 
 12/09  12:00:00,2504957.245700633,3105945.0126425014 
 12/09  13:00:00,2249593.3707964174,2767559.0060726637 
 12/09  14:00:00,2297396.950185212,2867352.26265856 
 12/09  15:00:00,2345985.1385479756,2936600.953103262 
 12/09  16:00:00,2428670.439654939,3050464.665134499 
 12/09  17:00:00,2386798.3850283925,2997942.907788219 
 12/09  18:00:00,2307091.1029328937,2908562.1804925734 
 12/09  19:00:00,2273272.5362498094,2867647.0514414706 
 12/09  20:00:00,2285950.5258931657,2884547.1151216775 
 12/09  21:00:00,2240336.656878408,2859465.013164841 
 12/09  22:00:00,2177678.6842264733,2805888.2087182687 
 12/09  23:00:00,2153594.9484358816,2760093.611393719 
 12/09  24:00:00,2204478.311744648,2904086.7003299235 
 12/10  01:00:00,2245928.6820203695,2976695.7460864773 
 12/10  02:00:00,2292794.8208418605,3046282.414726528 
 12/10  03:00:00,2386530.7694167793,3175649.8834502846 
 12/10  04:00:00,2475230.277312408,3299596.31743032 
 12/10  05:00:00,2647171.0384875652,3509458.635100131 
 12/10  06:00:00,2847633.7691438533,3773043.147104478 
 12/10  07:00:00,2950865.160932393,3924017.1238055965 
 12/10  08:00:00,3023428.8425288876,4008458.4909225856 
 12/10  09:00:00,3101733.4523994243,4099792.69975073 
 12/10  10:00:00,2943762.953218117,3856353.1324537247 
 12/10  11:00:00,1990448.034159672,2537199.6116764285 
 12/10  12:00:00,1034448.4569815672,1248912.495935942 
 12/10  13:00:00,346623.67694902647,401911.92092519486 
 12/10  14:00:00,8430.86786523345,7803.605876284565 
 12/10  15:00:00,0.0,0.0 
 12/10  16:00:00,0.0,0.0 
 12/10  17:00:00,443470.16924317833,714883.7003654422 
 12/10  18:00:00,1259081.264117465,1664778.5992745254 
 12/10  19:00:00,1388637.6090389336,1821236.4155143988 
 12/10  20:00:00,1457153.4520251174,1900868.6557486588 
 12/10  21:00:00,1602794.429719638,2075718.2713122668 
 12/10  22:00:00,1798954.7308113999,2311902.590255224 
 12/10  23:00:00,1906357.0259095186,2442208.010503187 
 12/10  24:00:00,1937090.6807221153,2480197.566733964 
 12/11  01:00:00,1942237.8266746919,2486760.723087783 
 12/11  02:00:00,1889750.6634893059,2424905.5249742037 
 12/11  03:00:00,1836775.506617637,2360595.0205170396 
 12/11  04:00:00,1823845.3284252342,2344095.035375904 
 12/11  05:00:00,1826888.6667734073,2345682.317325527 
 12/11  06:00:00,1860117.4131107964,2374193.22541117 
 12/11  07:00:00,1905865.3231932966,2407016.4752185945 
 12/11  08:00:00,1883789.7326220986,2377888.847546207 
 12/11  09:00:00,1811278.1164064584,2293896.6537300446 
 12/11  10:00:00,1641477.271209549,2095461.763335112 
 12/11  11:00:00,1436053.3387483186,1817259.3369251504 
 12/11  12:00:00,1264724.9090195205,1597481.5688751373 
 12/11  13:00:00,1024044.201133721,1268957.4803062025 
 12/11  14:00:00,750790.002220824,901215.0652444209 
 12/11  15:00:00,432172.8112723962,486607.1917175745 
 12/11  16:00:00,506406.24629332236,623386.440955408 
 12/11  17:00:00,588581.7036268185,796698.372604602 
 12/11  18:00:00,991567.2298586469,1299123.5418213836 
 12/11  19:00:00,1117014.3277419652,1455132.2574392885 
 12/11  20:00:00,1210553.8379789186,1569331.7809693622 
 12/11  21:00:00,1261323.3966045252,1634282.48890605 
 12/11  22:00:00,1268177.1183196881,1649726.720356945 
 12/11  23:00:00,1283618.6785358905,1671388.338759212 
 12/11  24:00:00,1337089.9844241256,1738926.1721429278 
 12/12  01:00:00,1394239.8796594907,1809204.7972117583 
 12/12  02:00:00,1456022.3402143389,1885170.3764843964 
 12/12  03:00:00,1516632.3318921875,1963898.234695756 
 12/12  04:00:00,1555224.9585133346,2012526.0187252478 
 12/12  05:00:00,1562395.345995495,2020315.5740713421 
 12/12  06:00:00,1575072.5873729268,2015894.2752425096 
 12/12  07:00:00,1589000.5968855463,2009801.185869887 
 12/12  08:00:00,1566946.5558216653,1980786.790994085 
 12/12  09:00:00,1549447.4208506523,1962124.6836621324 
 12/12  10:00:00,1494023.1396987445,1911425.238536249 
 12/12  11:00:00,1337070.224161725,1666084.998002999 
 12/12  12:00:00,1173904.28600084,1431018.7238942527 
 12/12  13:00:00,1046012.1773551552,1255482.505293689 
 12/12  14:00:00,1051387.3103170446,1280397.591826055 
 12/12  15:00:00,1101437.7876680964,1363566.7225432415 
 12/12  16:00:00,1318424.6018249323,1659389.6616545347 
 12/12  17:00:00,1383221.3010963402,1736123.3431447092 
 12/12  18:00:00,1471940.8155557977,1841024.9901189392 
 12/12  19:00:00,1536565.6277147953,1917541.9831113047 
 12/12  20:00:00,1572448.5781848875,1961521.3807628958 
 12/12  21:00:00,1588547.4730983279,2015062.0062550923 
 12/12  22:00:00,1612163.2524844185,2054805.874830724 
 12/12  23:00:00,1639107.9387446162,2091217.5288291387 
 12/12  24:00:00,1645082.0867701578,2104483.242005147 
 12/13  01:00:00,1651951.1458391673,2116264.2050094856 
 12/13  02:00:00,1689121.790584133,2165484.7616682774 
 12/13  03:00:00,1723011.137875227,2212011.450770673 
 12/13  04:00:00,1737464.5544559935,2232433.14889208 
 12/13  05:00:00,1782641.9293556502,2303598.192192326 
 12/13  06:00:00,1855998.597374185,2430261.3720360403 
 12/13  07:00:00,1887351.8752458026,2454109.3311433075 
 12/13  08:00:00,1896306.3746778262,2437379.7200576095 
 12/13  09:00:00,1929253.4825798976,2475208.8122106506 
 12/13  10:00:00,1946571.215974194,2507272.877915819 
 12/13  11:00:00,1474407.7135683496,1883717.8016155106 
 12/13  12:00:00,797128.2332761069,975883.48967816 
 12/13  13:00:00,590471.3365726842,695341.0387174613 
 12/13  14:00:00,337469.4994479898,381360.45050684735 
 12/13  15:00:00,144830.95978409692,170623.29589688123 
 12/13  16:00:00,698879.5548530477,899326.3986632165 
 12/13  17:00:00,756563.2386456499,1080016.3811486885 
 12/13  18:00:00,1502751.9818844171,1965146.0596216181 
 12/13  19:00:00,1841871.1919484944,2325060.9643796287 
 12/13  20:00:00,2039979.567237813,2561452.1284828084 
 12/13  21:00:00,2175783.649849221,2728132.651632224 
 12/13  22:00:00,2288429.32519892,2866359.42737757 
 12/13  23:00:00,2342227.5389347747,2971374.5206544106 
 12/13  24:00:00,2413761.142549627,3118073.260665688 
 12/14  01:00:00,2477717.526739896,3225519.299295814 
 12/14  02:00:00,2519513.58861677,3265806.936955142 
 12/14  03:00:00,2565560.4089272255,3304329.599798356 
 12/14  04:00:00,2593585.0845713113,3326932.159494739 
 12/14  05:00:00,2599613.256614455,3330147.3248580955 
 12/14  06:00:00,2602739.9318685587,3320766.0932094315 
 12/14  07:00:00,2609217.8548170025,3316930.1931821536 
 12/14  08:00:00,2629779.5859209225,3339881.753076734 
 12/14  09:00:00,2647766.981112359,3360908.6746963253 
 12/14  10:00:00,2635370.2151002013,3338025.080867999 
 12/14  11:00:00,2528930.865905642,3167795.1420192956 
 12/14  12:00:00,2405807.942127571,2983355.4525093045 
 12/14  13:00:00,2382989.185187801,2970699.7420621887 
 12/14  14:00:00,2288885.9816874284,2843392.5194725012 
 12/14  15:00:00,2187435.8224023334,2705181.8324452466 
 12/14  16:00:00,2186775.322089027,2726920.7863728413 
 12/14  17:00:00,2216547.0672699497,2824778.471269478 
 12/14  18:00:00,2427710.8967178953,3084806.5426488915 
 12/14  19:00:00,2477357.5005994122,3134196.8499878724 
 12/14  20:00:00,2517219.69207318,3184400.237596561 
 12/14  21:00:00,2574179.3131827717,3265572.699152153 
 12/14  22:00:00,2638909.9714549235,3355892.121310832 
 12/14  23:00:00,2691630.122914559,3422869.976552376 
 12/14  24:00:00,2733281.756551356,3477527.3649227116 
 12/15  01:00:00,2796577.4299688963,3546031.3838313455 
 12/15  02:00:00,2839012.089171705,3589439.2714211848 
 12/15  03:00:00,2858413.282259472,3613344.561750214 
 12/15  04:00:00,2888065.7724283775,3650361.3615026013 
 12/15  05:00:00,2933609.813900139,3720907.919274632 
 12/15  06:00:00,3014227.553042411,3837918.7548331385 
 12/15  07:00:00,3147518.682126146,4020936.865006008 
 12/15  08:00:00,3281348.3147768797,4203642.690687268 
 12/15  09:00:00,3400594.916601589,4356157.92216635 
 12/15  10:00:00,3334489.9157668287,4248615.42728902 
 12/15  11:00:00,2693185.7172550545,3378047.063616422 
 12/15  12:00:00,1905060.6738786614,2322256.563983809 
 12/15  13:00:00,1408706.3931546314,1673075.525272482 
 12/15  14:00:00,1035166.7124406915,1231806.9759833955 
 12/15  15:00:00,839605.0623600284,1045249.9559450108 
 12/15  16:00:00,703283.5907220842,1032715.7311324342 
 12/15  17:00:00,1297908.715247945,1845970.8243417707 
 12/15  18:00:00,2249402.6695745946,2961963.572407351 
 12/15  19:00:00,2460683.8865714543,3217308.6984623675 
 12/15  20:00:00,2575702.1254084026,3351448.001249678 
 12/15  21:00:00,2638143.7570310966,3426258.1836722535 
 12/15  22:00:00,2708478.3651531814,3513018.238474965 
 12/15  23:00:00,2791652.857710596,3612317.858174001 
 12/15  24:00:00,2896490.580189213,3750480.1294131815 
 12/16  01:00:00,3010948.934064477,3896685.936407491 
 12/16  02:00:00,3110269.4031262165,4025210.189112742 
 12/16  03:00:00,3191277.6988078845,4134412.56285582 
 12/16  04:00:00,3236048.9903158797,4192259.453674225 
 12/16  05:00:00,3284848.2165257474,4255580.240443271 
 12/16  06:00:00,3332461.613078759,4323089.557299081 
 12/16  07:00:00,3357481.6121547944,4361026.457743076 
 12/16  08:00:00,3377400.61365323,4381539.754732257 
 12/16  09:00:00,3408354.800055079,4412227.204487704 
 12/16  10:00:00,3311887.563540211,4264512.8674273705 
 12/16  11:00:00,2643591.236245884,3351930.9830124644 
 12/16  12:00:00,1914474.5343253424,2307901.4356023828 
 12/16  13:00:00,1462798.525268276,1699380.9823048965 
 12/16  14:00:00,1168250.3405184806,1312933.0290943182 
 12/16  15:00:00,1125860.1185659915,1302683.4100449467 
 12/16  16:00:00,1104280.2992576377,1437902.831071039 
 12/16  17:00:00,1664352.5953568267,2255688.976191385 
 12/16  18:00:00,2827982.4404500807,3692062.0939153936 
 12/16  19:00:00,3057656.287165075,4006654.1892009494 
 12/16  20:00:00,3217015.8716270775,4220074.519320621 
 12/16  21:00:00,3340662.107478191,4386798.225287628 
 12/16  22:00:00,3405623.2861610386,4478627.362614204 
 12/16  23:00:00,3424949.206506369,4530086.884285167 
 12/16  24:00:00,3486152.983552511,4609611.540790192 
 12/17  01:00:00,3663636.550886785,4827003.263178293 
 12/17  02:00:00,3820136.3338261535,5033700.428696514 
 12/17  03:00:00,3923937.2753220247,5149024.0353418 
 12/17  04:00:00,4013540.473792634,5201281.65260226 
 12/17  05:00:00,4101193.755425537,5268720.503687587 
 12/17  06:00:00,4220262.411201553,5414207.388588849 
 12/17  07:00:00,4348262.156290605,5567102.906443786 
 12/17  08:00:00,4414382.694456176,5643964.199529501 
 12/17  09:00:00,4423559.838005055,5644285.399851345 
 12/17  10:00:00,4274304.646977511,5391859.1380962245 
 12/17  11:00:00,3760249.5352500463,4578819.900507782 
 12/17  12:00:00,2928317.1598569257,3425553.308765189 
 12/17  13:00:00,2282130.6152825686,2569618.3946031835 
 12/17  14:00:00,1826531.2807603078,2023980.1744990677 
 12/17  15:00:00,1384558.5598310835,1533714.0237547888 
 12/17  16:00:00,1079905.7048697455,1337856.0606516097 
 12/17  17:00:00,1516731.5002836776,2072761.5044255627 
 12/17  18:00:00,2853925.4825023934,3870900.865877712 
 12/17  19:00:00,3229683.7349618673,4355365.996374562 
 12/17  20:00:00,3504998.3091818504,4705732.308287928 
 12/17  21:00:00,3730374.1833465667,4996751.970732341 
 12/17  22:00:00,3992476.159050976,5329310.586653431 
 12/17  23:00:00,4203706.810027943,5591609.581790392 
 12/17  24:00:00,4313365.459243959,5658591.76749438 
 12/18  01:00:00,4393073.936878775,5723018.115137931 
 12/18  02:00:00,4480303.853544926,5853233.943969911 
 12/18  03:00:00,4542873.2695675185,5932154.109022377 
 12/18  04:00:00,4592758.752658836,5976007.577281925 
 12/18  05:00:00,4683745.4041342735,6096279.040677058 
 12/18  06:00:00,4778275.630438156,6232602.421703197 
 12/18  07:00:00,4833684.532007108,6304767.831586825 
 12/18  08:00:00,4891514.666044781,6379439.87438124 
 12/18  09:00:00,4920630.95915057,6411173.1053418 
 12/18  10:00:00,4660700.161178516,6023739.231908485 
 12/18  11:00:00,3654094.4863745817,4553937.599200256 
 12/18  12:00:00,2725666.7307234826,3212243.2240011026 
 12/18  13:00:00,1909746.0482254308,2109307.2155832644 
 12/18  14:00:00,1242256.591526341,1299997.8060436428 
 12/18  15:00:00,869697.7520522675,909837.1945842758 
 12/18  16:00:00,589008.5812421698,728279.8091253687 
 12/18  17:00:00,1110274.3485394032,1577333.1696796305 
 12/18  18:00:00,2575352.388436098,3545706.945485153 
 12/18  19:00:00,3025089.6176823312,4110470.6578298993 
 12/18  20:00:00,3425207.2755185724,4611021.719030619 
 12/18  21:00:00,3761700.1295593525,5020176.241828279 
 12/18  22:00:00,3982877.032846555,5294394.628967833 
 12/18  23:00:00,4173036.914596995,5548963.861083302 
 12/18  24:00:00,4356884.4828470815,5758255.724782026 
 12/19  01:00:00,4520244.183949305,5951722.726212056 
 12/19  02:00:00,4564769.488155185,6015055.761378476 
 12/19  03:00:00,4551481.609468775,5986154.797100293 
 12/19  04:00:00,4616060.302288649,6052728.275717948 
 12/19  05:00:00,4632462.564656981,6004843.704151709 
 12/19  06:00:00,4696477.715594524,6088388.782191024 
 12/19  07:00:00,4811987.433336276,6280517.494287323 
 12/19  08:00:00,4877092.8052245565,6361463.873277189 
 12/19  09:00:00,4894869.836110761,6327757.567367706 
 12/19  10:00:00,4635358.818311524,5878725.544671077 
 12/19  11:00:00,3852880.2107889485,4746294.387583354 
 12/19  12:00:00,3050745.135878985,3613084.462007895 
 12/19  13:00:00,2532207.140748024,2894572.2419925253 
 12/19  14:00:00,1849199.9395833465,2020714.7850213295 
 12/19  15:00:00,1622766.0437039135,1813819.0055633415 
 12/19  16:00:00,1502758.5283446936,1863544.948116639 
 12/19  17:00:00,2104017.0723189292,2778392.1920169373 
 12/19  18:00:00,3582263.7116479315,4662560.367823669 
 12/19  19:00:00,3892899.078532651,5073426.983708441 
 12/19  20:00:00,3924053.015677815,5095623.229155924 
 12/19  21:00:00,4063545.904157572,5282836.062989898 
 12/19  22:00:00,4131317.6466086353,5430863.158719829 
 12/19  23:00:00,3991582.4956452614,5261230.713126918 
 12/19  24:00:00,4004645.9402954336,5219902.889327282 
 12/20  01:00:00,4065994.8688747576,5273898.229494644 
 12/20  02:00:00,4058505.972876094,5259788.363095375 
 12/20  03:00:00,3936036.8647511657,5082835.042584715 
 12/20  04:00:00,3810871.6567966887,4912379.750976959 
 12/20  05:00:00,3762189.0863831667,4847632.360685969 
 12/20  06:00:00,3731753.4879463552,4804154.1524917735 
 12/20  07:00:00,3653576.8733472596,4603360.414547423 
 12/20  08:00:00,3572185.5822042897,4470892.951179708 
 12/20  09:00:00,3534562.302775958,4512003.954348725 
 12/20  10:00:00,3439785.306101341,4389481.553024737 
 12/20  11:00:00,3228814.6088307146,4086406.664784197 
 12/20  12:00:00,2901328.975274435,3654463.6999436165 
 12/20  13:00:00,2572924.648004604,3210448.958566266 
 12/20  14:00:00,2462379.356574766,3056384.176997815 
 12/20  15:00:00,2374622.800046525,2933791.6019524215 
 12/20  16:00:00,2385375.1727918116,3013561.242344794 
 12/20  17:00:00,2231515.57067231,2951634.8348325705 
 12/20  18:00:00,2870821.752856539,3703009.798634833 
 12/20  19:00:00,3045929.6271623494,3939983.713480194 
 12/20  20:00:00,3170361.3415279454,4111523.8597402824 
 12/20  21:00:00,3291940.1031625886,4268516.216127565 
 12/20  22:00:00,3436148.9787317202,4442614.820368583 
 12/20  23:00:00,3518120.7044344773,4551368.456212769 
 12/20  24:00:00,3492763.586860091,4515942.755486665 
 12/21  01:00:00,3449541.7212215713,4443462.837090591 
 12/21  02:00:00,3417505.743758963,4396781.58655047 
 12/21  03:00:00,3402639.8750783415,4376756.641695422 
 12/21  04:00:00,3413655.8358678315,4406012.961391417 
 12/21  05:00:00,3411184.3079055133,4410728.544924557 
 12/21  06:00:00,3386254.8386143,4359927.027979552 
 12/21  07:00:00,3351254.896562032,4306360.525718112 
 12/21  08:00:00,3314831.649143315,4244477.380148275 
 12/21  09:00:00,3271999.9721447024,4174939.5732163643 
 12/21  10:00:00,3194214.0369549613,4066059.750180574 
 12/21  11:00:00,3021272.0844878145,3825227.0042845914 
 12/21  12:00:00,2837944.3340094835,3567263.93476824 
 12/21  13:00:00,2715545.1369122635,3413299.7561339024 
 12/21  14:00:00,2619005.24429299,3296276.0385480816 
 12/21  15:00:00,2555169.104449832,3222307.4014867763 
 12/21  16:00:00,2482754.144075693,3132446.559195391 
 12/21  17:00:00,2426287.4720531874,3077910.7941602664 
 12/21  18:00:00,2503642.604170273,3203648.635598466 
 12/21  19:00:00,2520398.0288077807,3224094.870148254 
 12/21  20:00:00,2515005.44184358,3223145.1057016095 
 12/21  21:00:00,2463254.4880090966,3167907.971192467 
 12/21  22:00:00,2362618.829969179,3040833.866205412 
 12/21  23:00:00,2232188.8198338435,2872557.1095900433 
 12/21  24:00:00,2143476.6303429473,2748763.11451903 
 12/22  01:00:00,2101662.8105232767,2688144.497317826 
 12/22  02:00:00,2093739.9084814996,2675852.84318407 
 12/22  03:00:00,2105230.795167851,2688134.744427499 
 12/22  04:00:00,2130910.8320086873,2720281.134596507 
 12/22  05:00:00,2167485.5993127967,2762913.9096211665 
 12/22  06:00:00,2172796.8620380787,2769580.1051855446 
 12/22  07:00:00,2161835.844354802,2754207.9190759845 
 12/22  08:00:00,2170962.855322917,2764584.044806893 
 12/22  09:00:00,2203071.47879825,2812170.4752834216 
 12/22  10:00:00,2177337.11514196,2769911.0130631635 
 12/22  11:00:00,2046216.666555034,2573888.6091719083 
 12/22  12:00:00,1873508.441822601,2330156.7824429194 
 12/22  13:00:00,1578722.4934083228,1878973.1567226842 
 12/22  14:00:00,1429526.360103958,1677961.8533143345 
 12/22  15:00:00,1569853.9504376708,1929579.8840129902 
 12/22  16:00:00,1506742.5201063564,1887493.6323628097 
 12/22  17:00:00,1218074.2596254845,1612852.9413328725 
 12/22  18:00:00,1768257.6445930926,2255046.5083870883 
 12/22  19:00:00,1862984.1353519207,2375231.3724204726 
 12/22  20:00:00,1949465.7910981642,2482614.691133436 
 12/22  21:00:00,2032313.330183467,2598641.0014813417 
 12/22  22:00:00,2100475.6883991645,2685483.406631118 
 12/22  23:00:00,2153791.2932224697,2744457.4861316653 
 12/22  24:00:00,2222764.143715282,2839416.3451547506 
 12/23  01:00:00,2287467.3355513066,2919682.618722386 
 12/23  02:00:00,2351284.0623380723,2995084.421687459 
 12/23  03:00:00,2427954.119486588,3099063.3833078244 
 12/23  04:00:00,2493248.292698002,3191070.569278761 
 12/23  05:00:00,2535998.6634216444,3250671.995852058 
 12/23  06:00:00,2569009.938909892,3297391.800755263 
 12/23  07:00:00,2589042.0910742823,3327161.672154758 
 12/23  08:00:00,2611746.133414522,3364016.689226241 
 12/23  09:00:00,2639726.8663157593,3406858.739251994 
 12/23  10:00:00,2592443.013222012,3327429.1391102583 
 12/23  11:00:00,2364075.4286501026,2975917.641303171 
 12/23  12:00:00,2031487.4917019773,2472442.125731419 
 12/23  13:00:00,1622897.4644396051,1892017.395598873 
 12/23  14:00:00,1201476.591467554,1331476.0221469617 
 12/23  15:00:00,1108308.098828735,1229419.2245367116 
 12/23  16:00:00,1133507.0874013482,1349546.6554870743 
 12/23  17:00:00,1399800.6868869546,1801181.554214697 
 12/23  18:00:00,2046177.2808092204,2628778.916698985 
 12/23  19:00:00,2250552.8039730736,2888553.961558832 
 12/23  20:00:00,2373976.671357198,3045732.803058717 
 12/23  21:00:00,2429519.7426511957,3123165.857941367 
 12/23  22:00:00,2472540.84334795,3181300.7479122155 
 12/23  23:00:00,2495203.050283827,3210391.8605007506 
 12/23  24:00:00,2519456.7569085797,3265943.7951873764 
 12/24  01:00:00,2559563.2284822515,3339482.5897060847 
 12/24  02:00:00,2622285.542743195,3423660.13870145 
 12/24  03:00:00,2675065.849303367,3486998.9912906988 
 12/24  04:00:00,2770106.8281255336,3610824.9420606624 
 12/24  05:00:00,2899502.4971611863,3793155.9272772176 
 12/24  06:00:00,3037109.9628411327,3996036.200985102 
 12/24  07:00:00,3253065.551070993,4303424.031052637 
 12/24  08:00:00,3480264.6088452297,4593499.695088044 
 12/24  09:00:00,3613877.7153270473,4740837.700457908 
 12/24  10:00:00,3510073.679427698,4557240.360001441 
 12/24  11:00:00,2776555.5247442746,3480539.2092630994 
 12/24  12:00:00,1685505.4856293697,1980218.1514150172 
 12/24  13:00:00,994875.3521277512,1086435.751591053 
 12/24  14:00:00,366538.09190482064,344892.950462531 
 12/24  15:00:00,188828.2555312784,161327.0415193343 
 12/24  16:00:00,215142.701171073,279492.6722695702 
 12/24  17:00:00,304619.77942563244,585213.20443421 
 12/24  18:00:00,1518749.9884584162,2163438.578641228 
 12/24  19:00:00,1866493.8571020388,2588914.8453735076 
 12/24  20:00:00,2228469.012024797,3040166.006538092 
 12/24  21:00:00,2590623.5546449246,3519977.804900625 
 12/24  22:00:00,2871760.484526759,3895019.533303466 
 12/24  23:00:00,3143844.417709823,4250149.735739491 
 12/24  24:00:00,3428483.5526814694,4618955.4828748 
 12/25  01:00:00,3665256.8859070027,4926209.040307667 
 12/25  02:00:00,3859717.321422644,5180826.244887501 
 12/25  03:00:00,3992214.606296333,5360849.405100633 
 12/25  04:00:00,4106885.7806478716,5513275.124992346 
 12/25  05:00:00,4196362.315820124,5629945.140766409 
 12/25  06:00:00,4180590.914209131,5601301.456814933 
 12/25  07:00:00,4158534.816606761,5562043.111099186 
 12/25  08:00:00,4201422.165824468,5610268.0577522935 
 12/25  09:00:00,4242243.34505285,5668335.992849756 
 12/25  10:00:00,4065982.7897971887,5370912.562790001 
 12/25  11:00:00,3030399.0052782902,3829055.618365988 
 12/25  12:00:00,1861921.9878610538,2197729.5691110156 
 12/25  13:00:00,1035784.8444164322,1135655.0883454767 
 12/25  14:00:00,533123.6913267944,546213.6574287906 
 12/25  15:00:00,302932.2321955879,313593.450515523 
 12/25  16:00:00,35757.59547716298,103177.807863622 
 12/25  17:00:00,593017.8078025682,946733.21589763 
 12/25  18:00:00,2021395.2364681973,2796671.3032600675 
 12/25  19:00:00,2478553.398569907,3368605.58419788 
 12/25  20:00:00,2830605.701913928,3853631.1859743027 
 12/25  21:00:00,3078224.6339634606,4210089.020459344 
 12/25  22:00:00,3321058.909378513,4520814.856888029 
 12/25  23:00:00,3580783.3131120447,4827480.364305585 
 12/25  24:00:00,3939948.0817009676,5252888.100262109 
 12/26  01:00:00,4215520.535117981,5594196.507115158 
 12/26  02:00:00,4354168.412599627,5785564.100614798 
 12/26  03:00:00,4475761.979000529,5942498.932430018 
 12/26  04:00:00,4552393.374941052,6039290.067344828 
 12/26  05:00:00,4647334.988599846,6154582.979183261 
 12/26  06:00:00,4806513.243535142,6358420.308225642 
 12/26  07:00:00,4879742.170460179,6449336.562969437 
 12/26  08:00:00,4903298.284556681,6454729.372465919 
 12/26  09:00:00,4914794.887576473,6450705.517570721 
 12/26  10:00:00,4678474.377288366,6086874.537631178 
 12/26  11:00:00,3619865.5915359263,4515335.93600943 
 12/26  12:00:00,2523455.401043262,2960613.262814351 
 12/26  13:00:00,1705999.091646995,1871629.0880339907 
 12/26  14:00:00,1108595.530485618,1153194.952998021 
 12/26  15:00:00,737923.4326376749,761607.9097644476 
 12/26  16:00:00,431385.7690407393,538948.7847857956 
 12/26  17:00:00,894397.1434352942,1310136.8399966378 
 12/26  18:00:00,2286006.6908627325,3159344.6377592133 
 12/26  19:00:00,2838941.9531398695,3873092.8099466246 
 12/26  20:00:00,3335984.6122158617,4501290.1433259435 
 12/26  21:00:00,3726631.9612173187,4989722.039511668 
 12/26  22:00:00,3915211.136503034,5207271.675764149 
 12/26  23:00:00,3997324.918730437,5245043.852747369 
 12/26  24:00:00,4181236.033226835,5421037.303669578 
 12/27  01:00:00,4413375.64211441,5732147.835692217 
 12/27  02:00:00,4555599.481500775,5939456.0132371085 
 12/27  03:00:00,4593688.638820405,5963628.0230149515 
 12/27  04:00:00,4617988.450249552,5967791.37415436 
 12/27  05:00:00,4707717.744794558,6101860.0749106705 
 12/27  06:00:00,4790754.821713638,6225096.605009119 
 12/27  07:00:00,4821504.343247476,6270769.357323036 
 12/27  08:00:00,4820631.067278631,6288307.180395034 
 12/27  09:00:00,4793574.555403838,6264128.396173475 
 12/27  10:00:00,4523561.568239123,5856447.58709565 
 12/27  11:00:00,3461957.9393241564,4342947.596788978 
 12/27  12:00:00,2384124.23104855,2875018.5413568025 
 12/27  13:00:00,1443861.6152992311,1664509.3052100528 
 12/27  14:00:00,768734.2002293685,888899.4399468233 
 12/27  15:00:00,370863.1395159835,495209.4686377408 
 12/27  16:00:00,106642.22435187621,323561.8041965092 
 12/27  17:00:00,453122.43656709255,832461.3253436838 
 12/27  18:00:00,1459119.7025397536,2009448.604416387 
 12/27  19:00:00,1695372.7963598962,2291386.1922696847 
 12/27  20:00:00,1822010.859314434,2442957.5274261916 
 12/27  21:00:00,1899608.8852911945,2536715.9396128105 
 12/27  22:00:00,1962313.484779924,2612384.6583422446 
 12/27  23:00:00,2031109.571808366,2696280.5004248344 
 12/27  24:00:00,2085310.4329488575,2767067.8171853805 
 12/28  01:00:00,2155890.331026221,2853353.018183548 
 12/28  02:00:00,2260611.0233576735,2975228.7905108016 
 12/28  03:00:00,2372292.3665608405,3104197.6490383577 
 12/28  04:00:00,2489111.1355822477,3251804.6625504373 
 12/28  05:00:00,2578487.742686661,3371230.303670509 
 12/28  06:00:00,2648365.31551768,3456245.456016903 
 12/28  07:00:00,2706002.3253862346,3528234.0365826306 
 12/28  08:00:00,2749108.8165186583,3576059.218161156 
 12/28  09:00:00,2689916.163253149,3460154.4198323577 
 12/28  10:00:00,2536884.071117665,3223950.969053191 
 12/28  11:00:00,2206950.937644807,2758434.448212648 
 12/28  12:00:00,1690541.102265579,2066822.2634741825 
 12/28  13:00:00,1165618.8882187083,1391430.2665006423 
 12/28  14:00:00,986492.1286185114,1175391.5041055866 
 12/28  15:00:00,706635.951095364,840177.1160078985 
 12/28  16:00:00,551039.4151917332,749342.2527376744 
 12/28  17:00:00,675378.0987102386,1002428.8729802137 
 12/28  18:00:00,1426579.7769641082,1844367.4070121823 
 12/28  19:00:00,1530610.2453112502,1970573.0597868937 
 12/28  20:00:00,1557917.4858915198,2005834.5549747744 
 12/28  21:00:00,1601385.6478329669,2082313.9695756286 
 12/28  22:00:00,1667076.602113217,2192650.429867769 
 12/28  23:00:00,1672250.324129009,2196150.4559436664 
 12/28  24:00:00,1653572.8383747484,2163889.883956246 
 12/29  01:00:00,1649600.2367898927,2152275.9858221533 
 12/29  02:00:00,1660032.6433512676,2149769.084939352 
 12/29  03:00:00,1672953.764372095,2158754.076276855 
 12/29  04:00:00,1669625.1780421128,2155382.124419884 
 12/29  05:00:00,1698631.6519677977,2188714.5268838536 
 12/29  06:00:00,1792898.538001089,2327201.602745926 
 12/29  07:00:00,1909726.429264525,2494257.4352811947 
 12/29  08:00:00,2012516.156627425,2625353.206431107 
 12/29  09:00:00,2067820.0773451633,2684298.2377698915 
 12/29  10:00:00,2054408.8032170483,2633209.555367486 
 12/29  11:00:00,1736472.7509781225,2165047.6884708856 
 12/29  12:00:00,1100593.7098253404,1300296.6043774686 
 12/29  13:00:00,944858.171338433,1064562.6965575104 
 12/29  14:00:00,775007.9643655918,831335.1903084731 
 12/29  15:00:00,591447.8573075386,622317.2901328792 
 12/29  16:00:00,492323.9800670708,601372.0256534128 
 12/29  17:00:00,621306.0634985014,884339.8262711426 
 12/29  18:00:00,1362411.1775925872,1813924.7257672588 
 12/29  19:00:00,1529297.1814316341,2040179.3817585118 
 12/29  20:00:00,1687016.8923277655,2229677.884729305 
 12/29  21:00:00,1870550.0404019842,2447341.252894883 
 12/29  22:00:00,2002855.6412746725,2599101.4841917884 
 12/29  23:00:00,2084216.4262957696,2691067.3995235423 
 12/29  24:00:00,2185314.922419793,2836926.4947622437 
 12/30  01:00:00,2329438.3692878517,3031032.45241389 
 12/30  02:00:00,2538482.4895399865,3332546.4977819943 
 12/30  03:00:00,2735591.756153664,3653175.8968142625 
 12/30  04:00:00,2880966.5087722833,3869768.4152853205 
 12/30  05:00:00,2957111.0670431443,3963595.5362534407 
 12/30  06:00:00,3081255.3881125003,4126243.622977316 
 12/30  07:00:00,3281209.44183747,4394208.44556354 
 12/30  08:00:00,3465671.7075924813,4629436.785356931 
 12/30  09:00:00,3593434.676907564,4781769.85783663 
 12/30  10:00:00,3507971.8043406797,4619915.697103449 
 12/30  11:00:00,2741136.3032992803,3467207.251216851 
 12/30  12:00:00,1748808.325475458,2075470.5368140612 
 12/30  13:00:00,1088122.1015015559,1190128.1481570331 
 12/30  14:00:00,493608.1056603879,468762.79766421946 
 12/30  15:00:00,87312.17810064554,23598.101670674805 
 12/30  16:00:00,0.0,0.0 
 12/30  17:00:00,312427.9600395625,525434.4234648227 
 12/30  18:00:00,1654488.8841149958,2232439.316216002 
 12/30  19:00:00,2080956.5021923196,2740908.550208656 
 12/30  20:00:00,2277914.527047851,2998914.1160352165 
 12/30  21:00:00,2347521.9989129025,3117223.8898125356 
 12/30  22:00:00,2371822.8972986653,3162701.430407673 
 12/30  23:00:00,2371331.1895819693,3163499.674834284 
 12/30  24:00:00,2343304.31742872,3110977.387612385 
 12/31  01:00:00,2293307.58973615,3014853.3436707566 
 12/31  02:00:00,2206212.6843821085,2868162.437144784 
 12/31  03:00:00,2078902.0768225915,2681785.9875664376 
 12/31  04:00:00,1952480.5494864772,2513804.6988953054 
 12/31  05:00:00,1854635.9599017901,2387560.550799619 
 12/31  06:00:00,1704561.1343659319,2200187.4336436843 
 12/31  07:00:00,1578609.1949877068,2042012.2928128396 
 12/31  08:00:00,1519849.864733671,1964414.1404533365 
 12/31  09:00:00,1488184.2102502014,1918272.5527464114 
 12/31  10:00:00,1429858.7707406874,1834668.5078507685 
 12/31  11:00:00,1332518.6829880695,1692075.0381182372 
 12/31  12:00:00,1367579.8829106293,1717331.061349492 
 12/31  13:00:00,1581998.7632238131,1960624.665847864 
 12/31  14:00:00,2112293.8186108293,2646052.766304806 
 12/31  15:00:00,2282355.3076695167,2852720.166936118 
 12/31  16:00:00,2136022.057811032,2679065.8734644284 
 12/31  17:00:00,1813353.5653330758,2390639.8218399254 
 12/31  18:00:00,2399277.393689282,3124050.832116098 
 12/31  19:00:00,2507259.7634413163,3225413.9419604335 
 12/31  20:00:00,2638610.3847012925,3401975.834235368 
 12/31  21:00:00,2864018.288082933,3749397.367733483 
 12/31  22:00:00,3125526.8372362596,4118641.5555651016 
 12/31  23:00:00,3305375.884684517,4357986.635896318 
 12/31  24:00:00,3397565.4554551453,4475337.4094365565,10761732195.916954,22017586200.794865,22017586200.794865,10761732195.916954,10761732195.916954 
